0.0
0 3845 0 3845
1 4782 1 4782
4 6208 4 6208
6 6780 6 6780
8 3111 8 3111
15 8200 15 8200
18 1892 18 1892
19 8547 19 8547
20 3207 20 3207
20 8538 20 8538
20 9838 20 9838
21 2078 21 2078
25 4390 25 4390
28 3288 28 3288
28 6804 28 6804
28 7633 28 7633
33 4956 33 4956
33 7708 33 7708
33 9246 33 9246
37 3458 37 3458
37 3930 37 3930
37 5118 37 5118
38 4411 38 4411
39 3916 39 3916
40 9763 40 9763
44 8577 44 8577
45 5090 45 5090
46 8546 46 8546
47 2651 47 2651
49 3334 49 3334
52 6995 52 6995
53 6355 53 6355
53 9135 53 9135
55 1859 55 1859
57 3818 57 3818
57 9172 57 9172
58 377 58 377
60 3280 60 3280
60 4674 60 4674
65 5017 65 5017
66 6329 66 6329
69 6798 69 6798
70 5766 70 5766
73 9114 73 9114
76 6175 76 6175
78 5694 78 5694
80 7878 80 7878
86 6479 86 6479
87 6384 87 6384
89 77 89 77
89 6103 89 6103
91 1714 91 1714
94 1713 94 1713
98 5826 98 5826
102 1699 102 1699
107 9397 107 9397
109 4329 109 4329
114 6411 114 6411
115 7731 115 7731
115 9312 115 9312
116 275 116 275
116 4144 116 4144
120 2988 120 2988
120 7930 120 7930
124 3983 124 3983
124 4247 124 4247
128 9633 128 9633
129 5087 129 5087
129 8362 129 8362
132 825 132 825
133 2721 133 2721
136 3819 136 3819
137 7199 137 7199
137 7946 137 7946
137 8949 137 8949
141 2927 141 2927
143 8201 143 8201
144 3001 144 3001
145 567 145 567
145 8802 145 8802
148 6291 148 6291
148 8973 148 8973
149 461 149 461
149 855 149 855
149 1667 149 1667
152 8834 152 8834
154 6672 154 6672
155 2652 155 2652
156 1143 156 1143
157 3967 157 3967
157 9415 157 9415
158 5723 158 5723
158 7748 158 7748
161 3693 161 3693
167 1056 167 1056
170 4494 170 4494
171 9730 171 9730
172 2854 172 2854
174 54 174 54
174 9114 174 9114
175 2729 175 2729
177 1072 177 1072
177 1285 177 1285
177 9884 177 9884
180 125 180 125
181 4081 181 4081
182 4954 182 4954
182 7372 182 7372
184 8677 184 8677
185 9093 185 9093
192 393 192 393
192 546 192 546
193 5772 193 5772
194 2813 194 2813
194 6320 194 6320
196 6731 196 6731
198 9977 198 9977
199 8992 199 8992
200 3949 200 3949
203 9569 203 9569
206 2201 206 2201
208 8465 208 8465
210 1109 210 1109
218 5448 218 5448
220 5267 220 5267
220 7611 220 7611
221 3787 221 3787
222 1145 222 1145
225 2408 225 2408
225 7127 225 7127
227 5311 227 5311
228 3453 228 3453
229 2406 229 2406
229 3850 229 3850
232 5685 232 5685
233 3686 233 3686
234 140 234 140
234 9224 234 9224
235 3952 235 3952
238 8599 238 8599
239 2065 239 2065
240 3650 240 3650
241 8734 241 8734
244 9241 244 9241
246 8645 246 8645
248 2260 248 2260
248 8797 248 8797
248 9679 248 9679
250 5026 250 5026
251 3472 251 3472
256 1059 256 1059
256 4160 256 4160
258 64 258 64
260 7006 260 7006
265 3634 265 3634
265 8228 265 8228
267 1524 267 1524
267 5873 267 5873
268 2153 268 2153
268 5513 268 5513
268 5635 268 5635
268 7264 268 7264
271 7179 271 7179
272 2766 272 2766
273 3911 273 3911
280 3747 280 3747
282 8836 282 8836
286 251 286 251
288 8055 288 8055
293 5536 293 5536
299 4340 299 4340
302 5160 302 5160
303 5084 303 5084
305 4441 305 4441
305 6574 305 6574
305 8182 305 8182
308 1003 308 1003
308 5456 308 5456
308 9185 308 9185
312 4193 312 4193
320 9567 320 9567
323 1729 323 1729
331 6915 331 6915
333 306 333 306
338 1588 338 1588
341 4529 341 4529
342 8857 342 8857
346 2126 346 2126
350 7837 350 7837
350 8975 350 8975
354 7551 354 7551
354 9128 354 9128
356 1707 356 1707
357 8413 357 8413
358 4238 358 4238
358 8696 358 8696
359 993 359 993
365 6122 365 6122
367 1299 367 1299
368 6901 368 6901
369 7480 369 7480
372 2831 372 2831
377 478 377 478
377 1064 377 1064
378 8298 378 8298
381 9937 381 9937
383 3378 383 3378
383 9047 383 9047
385 615 385 615
388 7327 388 7327
389 611 389 611
389 1859 389 1859
394 6710 394 6710
395 6296 395 6296
396 3894 396 3894
398 8621 398 8621
400 8525 400 8525
402 8653 402 8653
403 1856 403 1856
404 6491 404 6491
404 7657 404 7657
408 8285 408 8285
414 5876 414 5876
414 9610 414 9610
417 9976 417 9976
419 1798 419 1798
419 3272 419 3272
419 5075 419 5075
424 6956 424 6956
432 838 432 838
433 5251 433 5251
439 3472 439 3472
439 4350 439 4350
439 9807 439 9807
442 3271 442 3271
443 3797 443 3797
443 8864 443 8864
447 7961 447 7961
448 8810 448 8810
449 8834 449 8834
453 3238 453 3238
454 2520 454 2520
455 4606 455 4606
460 6119 460 6119
463 8289 463 8289
465 6180 465 6180
465 7850 465 7850
465 9200 465 9200
471 4613 471 4613
472 588 472 588
473 3246 473 3246
476 6141 476 6141
480 4894 480 4894
480 5240 480 5240
482 5146 482 5146
483 1296 483 1296
484 680 484 680
487 9443 487 9443
489 5730 489 5730
491 9391 491 9391
493 8274 493 8274
496 8848 496 8848
496 9783 496 9783
498 3302 498 3302
505 1706 505 1706
505 5393 505 5393
505 8281 505 8281
506 894 506 894
506 1184 506 1184
508 5701 508 5701
512 4380 512 4380
512 6284 512 6284
512 8179 512 8179
514 9530 514 9530
516 4075 516 4075
517 4305 517 4305
519 585 519 585
519 5236 519 5236
525 4817 525 4817
530 3921 530 3921
531 115 531 115
531 8788 531 8788
538 4556 538 4556
539 6653 539 6653
539 7623 539 7623
542 1369 542 1369
543 6306 543 6306
543 6393 543 6393
546 3372 546 3372
547 3082 547 3082
548 7817 548 7817
549 839 549 839
550 5514 550 5514
550 7032 550 7032
554 4197 554 4197
555 6472 555 6472
555 7176 555 7176
555 9355 555 9355
556 699 556 699
558 739 558 739
563 4330 563 4330
566 7647 566 7647
569 6387 569 6387
569 6683 569 6683
570 2590 570 2590
570 8180 570 8180
571 2985 571 2985
573 95 573 95
573 4037 573 4037
574 3317 574 3317
577 9586 577 9586
580 1640 580 1640
581 2193 581 2193
582 9933 582 9933
585 2553 585 2553
588 8273 588 8273
594 4208 594 4208
595 9854 595 9854
599 971 599 971
602 5355 602 5355
604 3441 604 3441
609 5046 609 5046
610 6232 610 6232
611 8957 611 8957
611 9229 611 9229
619 1592 619 1592
620 6288 620 6288
624 8423 624 8423
625 4882 625 4882
626 1006 626 1006
629 329 629 329
630 3747 630 3747
630 9449 630 9449
636 8040 636 8040
636 9805 636 9805
640 3630 640 3630
643 9837 643 9837
644 9555 644 9555
645 4335 645 4335
646 3255 646 3255
647 2111 647 2111
647 9677 647 9677
648 490 648 490
648 5813 648 5813
651 6491 651 6491
653 3996 653 3996
653 6765 653 6765
654 8000 654 8000
655 3498 655 3498
665 4837 665 4837
665 8400 665 8400
675 6138 675 6138
676 9593 676 9593
677 5097 677 5097
679 1673 679 1673
680 249 680 249
686 790 686 790
687 5784 687 5784
688 8779 688 8779
689 9069 689 9069
690 2365 690 2365
692 4255 692 4255
693 5368 693 5368
694 5162 694 5162
694 6857 694 6857
695 4459 695 4459
700 4028 700 4028
700 4087 700 4087
701 3324 701 3324
703 3164 703 3164
705 1148 705 1148
719 5891 719 5891
722 5024 722 5024
722 9840 722 9840
723 685 723 685
724 3105 724 3105
724 8482 724 8482
726 833 726 833
726 6429 726 6429
731 1666 731 1666
734 5442 734 5442
735 5321 735 5321
740 6294 740 6294
741 1886 741 1886
742 1669 742 1669
743 5462 743 5462
743 6326 743 6326
744 6061 744 6061
744 6267 744 6267
747 8577 747 8577
751 2869 751 2869
751 9436 751 9436
753 2716 753 2716
755 8952 755 8952
760 5243 760 5243
760 5991 760 5991
766 1137 766 1137
767 1261 767 1261
767 5532 767 5532
767 9272 767 9272
768 7199 768 7199
769 2871 769 2871
773 4875 773 4875
774 4277 774 4277
780 6908 780 6908
783 6398 783 6398
783 9375 783 9375
783 9541 783 9541
789 8468 789 8468
790 4049 790 4049
791 1311 791 1311
791 9880 791 9880
792 6558 792 6558
797 719 797 719
802 5877 802 5877
802 9702 802 9702
803 8555 803 8555
807 6971 807 6971
811 2230 811 2230
814 6977 814 6977
816 1 816 1
822 7443 822 7443
824 3036 824 3036
827 219 827 219
828 3392 828 3392
829 5335 829 5335
832 7394 832 7394
834 9545 834 9545
837 2199 837 2199
838 3716 838 3716
838 5565 838 5565
841 7087 841 7087
842 739 842 739
842 1596 842 1596
842 5854 842 5854
842 5878 842 5878
843 4418 843 4418
844 2690 844 2690
845 8824 845 8824
846 9990 846 9990
851 2590 851 2590
851 2758 851 2758
852 9291 852 9291
857 3914 857 3914
860 739 860 739
862 2644 862 2644
863 2198 863 2198
863 4141 863 4141
869 3551 869 3551
871 6351 871 6351
872 1771 872 1771
872 1855 872 1855
874 9759 874 9759
875 4410 875 4410
876 2347 876 2347
876 9319 876 9319
877 5710 877 5710
879 4181 879 4181
881 1692 881 1692
884 4900 884 4900
885 3124 885 3124
891 4469 891 4469
892 6399 892 6399
893 1308 893 1308
893 1623 893 1623
904 910 904 910
904 7966 904 7966
906 2167 906 2167
907 4601 907 4601
908 774 908 774
908 1600 908 1600
911 6121 911 6121
912 2969 912 2969
912 4353 912 4353
913 7639 913 7639
917 2423 917 2423
917 9460 917 9460
918 3668 918 3668
918 9492 918 9492
924 90 924 90
924 2664 924 2664
927 315 927 315
928 98 928 98
928 7885 928 7885
932 3899 932 3899
933 6836 933 6836
933 9858 933 9858
935 5075 935 5075
935 7383 935 7383
936 5051 936 5051
938 3587 938 3587
940 4614 940 4614
940 8771 940 8771
941 1434 941 1434
944 6255 944 6255
947 1482 947 1482
949 2165 949 2165
950 6501 950 6501
952 2426 952 2426
953 3091 953 3091
956 2739 956 2739
958 4351 958 4351
959 8530 959 8530
961 5868 961 5868
966 4101 966 4101
966 8079 966 8079
968 751 968 751
968 1241 968 1241
972 2461 972 2461
972 3378 972 3378
972 6225 972 6225
979 462 979 462
979 4941 979 4941
981 387 981 387
985 8743 985 8743
988 3639 988 3639
993 5783 993 5783
993 6172 993 6172
1001 634 1001 634
1001 9494 1001 9494
1009 8694 1009 8694
1012 2393 1012 2393
1013 2019 1013 2019
1013 7147 1013 7147
1013 7350 1013 7350
1014 337 1014 337
1014 8526 1014 8526
1017 907 1017 907
1018 5878 1018 5878
1018 5956 1018 5956
1022 1682 1022 1682
1022 2906 1022 2906
1023 7712 1023 7712
1023 9061 1023 9061
1027 1396 1027 1396
1029 3326 1029 3326
1029 4979 1029 4979
1029 7624 1029 7624
1030 4512 1030 4512
1032 2230 1032 2230
1035 497 1035 497
1037 7261 1037 7261
1038 5595 1038 5595
1040 9486 1040 9486
1042 4778 1042 4778
1045 9235 1045 9235
1048 4723 1048 4723
1050 1402 1050 1402
1055 5205 1055 5205
1057 5982 1057 5982
1057 6450 1057 6450
1059 4242 1059 4242
1059 9298 1059 9298
1060 8941 1060 8941
1068 6372 1068 6372
1080 9252 1080 9252
1081 1239 1081 1239
1082 6591 1082 6591
1084 2285 1084 2285
1084 2916 1084 2916
1085 1293 1085 1293
1088 7805 1088 7805
1088 9695 1088 9695
1089 217 1089 217
1090 4024 1090 4024
1092 2319 1092 2319
1094 8311 1094 8311
1098 8691 1098 8691
1098 8867 1098 8867
1100 1556 1100 1556
1100 9146 1100 9146
1101 7714 1101 7714
1104 7243 1104 7243
1105 7496 1105 7496
1106 1749 1106 1749
1107 6189 1107 6189
1109 4750 1109 4750
1112 2665 1112 2665
1113 9241 1113 9241
1116 2757 1116 2757
1116 2958 1116 2958
1116 9165 1116 9165
1121 3551 1121 3551
1125 3221 1125 3221
1127 4195 1127 4195
1127 7429 1127 7429
1131 2826 1131 2826
1133 6981 1133 6981
1143 7962 1143 7962
1144 141 1144 141
1144 6730 1144 6730
1145 6355 1145 6355
1148 6259 1148 6259
1149 4330 1149 4330
1149 9527 1149 9527
1150 2991 1150 2991
1150 8182 1150 8182
1151 4383 1151 4383
1153 1869 1153 1869
1156 8580 1156 8580
1157 1378 1157 1378
1158 4054 1158 4054
1161 6482 1161 6482
1163 3099 1163 3099
1164 4558 1164 4558
1164 9849 1164 9849
1165 4197 1165 4197
1165 8186 1165 8186
1166 1849 1166 1849
1166 7847 1166 7847
1171 4308 1171 4308
1171 9282 1171 9282
1173 1984 1173 1984
1174 712 1174 712
1174 2500 1174 2500
1175 3147 1175 3147
1178 9733 1178 9733
1182 5097 1182 5097
1182 6283 1182 6283
1186 2877 1186 2877
1188 9574 1188 9574
1193 4242 1193 4242
1193 6299 1193 6299
1199 5111 1199 5111
1201 1508 1201 1508
1202 500 1202 500
1203 720 1203 720
1208 4899 1208 4899
1209 8368 1209 8368
1214 60 1214 60
1214 7993 1214 7993
1214 9358 1214 9358
1216 2457 1216 2457
1217 3965 1217 3965
1220 3046 1220 3046
1220 4542 1220 4542
1221 7092 1221 7092
1222 480 1222 480
1223 959 1223 959
1224 8165 1224 8165
1228 796 1228 796
1231 2055 1231 2055
1231 8447 1231 8447
1232 7570 1232 7570
1235 4896 1235 4896
1236 8539 1236 8539
1236 9547 1236 9547
1238 1695 1238 1695
1238 6392 1238 6392
1239 2940 1239 2940
1241 4416 1241 4416
1242 2618 1242 2618
1242 7047 1242 7047
1243 3095 1243 3095
1244 4660 1244 4660
1245 46 1245 46
1245 4479 1245 4479
1245 7749 1245 7749
1250 2601 1250 2601
1252 1480 1252 1480
1254 8983 1254 8983
1256 1064 1256 1064
1257 6953 1257 6953
1259 2112 1259 2112
1263 3384 1263 3384
1266 7282 1266 7282
1267 6265 1267 6265
1268 4971 1268 4971
1270 4810 1270 4810
1272 1487 1272 1487
1272 5345 1272 5345
1275 4869 1275 4869
1276 8054 1276 8054
1281 8879 1281 8879
1283 8018 1283 8018
1289 9829 1289 9829
1290 7856 1290 7856
1291 4172 1291 4172
1295 155 1295 155
1295 8180 1295 8180
1299 7869 1299 7869
1300 7219 1300 7219
1303 8858 1303 8858
1304 2091 1304 2091
1305 2298 1305 2298
1307 63 1307 63
1308 9825 1308 9825
1316 4424 1316 4424
1316 4661 1316 4661
1318 2256 1318 2256
1319 3357 1319 3357
1319 4744 1319 4744
1319 5958 1319 5958
1323 8863 1323 8863
1324 4707 1324 4707
1324 8595 1324 8595
1325 6481 1325 6481
1325 8214 1325 8214
1325 9835 1325 9835
1329 8338 1329 8338
1333 6241 1333 6241
1335 4718 1335 4718
1338 7935 1338 7935
1339 8433 1339 8433
1339 9425 1339 9425
1342 7797 1342 7797
1344 1571 1344 1571
1344 8392 1344 8392
1344 8743 1344 8743
1346 2579 1346 2579
1346 8125 1346 8125
1350 1404 1350 1404
1351 184 1351 184
1352 910 1352 910
1354 6907 1354 6907
1355 7014 1355 7014
1357 7851 1357 7851
1361 7525 1361 7525
1362 5192 1362 5192
1364 425 1364 425
1365 8295 1365 8295
1369 7750 1369 7750
1371 8947 1371 8947
1374 7200 1374 7200
1375 9252 1375 9252
1377 2794 1377 2794
1377 4065 1377 4065
1379 7224 1379 7224
1382 2482 1382 2482
1382 7969 1382 7969
1389 9631 1389 9631
1390 7974 1390 7974
1391 2066 1391 2066
1391 8030 1391 8030
1396 1000 1396 1000
1397 8220 1397 8220
1398 2115 1398 2115
1398 8767 1398 8767
1399 9143 1399 9143
1407 6676 1407 6676
1408 9913 1408 9913
1409 674 1409 674
1413 6913 1413 6913
1413 8769 1413 8769
1414 5657 1414 5657
1417 6584 1417 6584
1421 2870 1421 2870
1421 4585 1421 4585
1421 4951 1421 4951
1427 4202 1427 4202
1427 6978 1427 6978
1430 9468 1430 9468
1432 7384 1432 7384
1433 6114 1433 6114
1436 8699 1436 8699
1439 1217 1439 1217
1445 3041 1445 3041
1446 5836 1446 5836
1447 6738 1447 6738
1449 3665 1449 3665
1452 5570 1452 5570
1460 828 1460 828
1465 2923 1465 2923
1467 2783 1467 2783
1473 6156 1473 6156
1474 8144 1474 8144
1475 5843 1475 5843
1477 6270 1477 6270
1479 8684 1479 8684
1480 5117 1480 5117
1484 9861 1484 9861
1486 9233 1486 9233
1489 3267 1489 3267
1490 9829 1490 9829
1491 7912 1491 7912
1493 1296 1493 1296
1494 4962 1494 4962
1497 2201 1497 2201
1498 5384 1498 5384
1506 7109 1506 7109
1508 4483 1508 4483
1514 5685 1514 5685
1515 9273 1515 9273
1522 1326 1522 1326
1523 9593 1523 9593
1526 2129 1526 2129
1528 1611 1528 1611
1531 8870 1531 8870
1532 8694 1532 8694
1533 4876 1533 4876
1534 9748 1534 9748
1535 3079 1535 3079
1536 3252 1536 3252
1537 4345 1537 4345
1537 7529 1537 7529
1538 1299 1538 1299
1544 6909 1544 6909
1548 3347 1548 3347
1549 4824 1549 4824
1550 8790 1550 8790
1551 7428 1551 7428
1552 2852 1552 2852
1555 7507 1555 7507
1561 1239 1561 1239
1561 2134 1561 2134
1566 6946 1566 6946
1567 4043 1567 4043
1567 9512 1567 9512
1568 2157 1568 2157
1573 9506 1573 9506
1577 8382 1577 8382
1578 5640 1578 5640
1579 7166 1579 7166
1580 5752 1580 5752
1580 6121 1580 6121
1581 1042 1581 1042
1583 2506 1583 2506
1584 9416 1584 9416
1585 8282 1585 8282
1586 5368 1586 5368
1587 415 1587 415
1589 5993 1589 5993
1589 9317 1589 9317
1590 2870 1590 2870
1590 5718 1590 5718
1591 7488 1591 7488
1591 8928 1591 8928
1592 7699 1592 7699
1596 137 1596 137
1597 4727 1597 4727
1598 8083 1598 8083
1598 9531 1598 9531
1606 267 1606 267
1606 2639 1606 2639
1608 8232 1608 8232
1609 4263 1609 4263
1611 8681 1611 8681
1614 4911 1614 4911
1619 4399 1619 4399
1620 3296 1620 3296
1622 6593 1622 6593
1627 4663 1627 4663
1628 676 1628 676
1637 7497 1637 7497
1640 8466 1640 8466
1640 9347 1640 9347
1641 3394 1641 3394
1644 518 1644 518
1644 6405 1644 6405
1647 4817 1647 4817
1648 9688 1648 9688
1649 245 1649 245
1651 4724 1651 4724
1656 1563 1656 1563
1657 4926 1657 4926
1658 1086 1658 1086
1665 8313 1665 8313
1667 8118 1667 8118
1670 4488 1670 4488
1674 7572 1674 7572
1678 6808 1678 6808
1681 5602 1681 5602
1685 6302 1685 6302
1685 8459 1685 8459
1687 8498 1687 8498
1688 2064 1688 2064
1690 1363 1690 1363
1694 611 1694 611
1694 1811 1694 1811
1694 3366 1694 3366
1696 4155 1696 4155
1699 7966 1699 7966
1701 4306 1701 4306
1701 9716 1701 9716
1705 8711 1705 8711
1706 3581 1706 3581
1708 3764 1708 3764
1709 6380 1709 6380
1710 3058 1710 3058
1714 5749 1714 5749
1715 6609 1715 6609
1719 7992 1719 7992
1720 8508 1720 8508
1721 3976 1721 3976
1726 4762 1726 4762
1727 859 1727 859
1727 2339 1727 2339
1729 797 1729 797
1729 9544 1729 9544
1734 158 1734 158
1743 4088 1743 4088
1745 1819 1745 1819
1748 3037 1748 3037
1752 1848 1752 1848
1753 6914 1753 6914
1754 5892 1754 5892
1759 32 1759 32
1761 7167 1761 7167
1763 8223 1763 8223
1764 8593 1764 8593
1766 8659 1766 8659
1767 5823 1767 5823
1767 6379 1767 6379
1768 1704 1768 1704
1768 2766 1768 2766
1769 4142 1769 4142
1769 4852 1769 4852
1769 8514 1769 8514
1771 3096 1771 3096
1772 7644 1772 7644
1773 5958 1773 5958
1789 2694 1789 2694
1789 3228 1789 3228
1789 3508 1789 3508
1790 953 1790 953
1792 4923 1792 4923
1793 2086 1793 2086
1794 5568 1794 5568
1795 8808 1795 8808
1797 5451 1797 5451
1798 1795 1798 1795
1798 4069 1798 4069
1799 1055 1799 1055
1805 3518 1805 3518
1807 7080 1807 7080
1808 670 1808 670
1809 9944 1809 9944
1810 7359 1810 7359
1815 6263 1815 6263
1818 1788 1818 1788
1819 5634 1819 5634
1819 7851 1819 7851
1820 2549 1820 2549
1822 9943 1822 9943
1824 5196 1824 5196
1825 3197 1825 3197
1826 5420 1826 5420
1826 8014 1826 8014
1826 9738 1826 9738
1827 27 1827 27
1830 7323 1830 7323
1832 7873 1832 7873
1833 3132 1833 3132
1833 8998 1833 8998
1835 6919 1835 6919
1836 2204 1836 2204
1840 2981 1840 2981
1841 1153 1841 1153
1841 8124 1841 8124
1842 1464 1842 1464
1842 9058 1842 9058
1851 9531 1851 9531
1856 4265 1856 4265
1856 6049 1856 6049
1856 9094 1856 9094
1857 1936 1857 1936
1857 5569 1857 5569
1858 2554 1858 2554
1858 4101 1858 4101
1860 8049 1860 8049
1861 779 1861 779
1866 5190 1866 5190
1867 6613 1867 6613
1867 8673 1867 8673
1867 9417 1867 9417
1868 8330 1868 8330
1869 2633 1869 2633
1871 8410 1871 8410
1872 185 1872 185
1875 2608 1875 2608
1875 2973 1875 2973
1876 3119 1876 3119
1877 2360 1877 2360
1883 5817 1883 5817
1883 8011 1883 8011
1884 1897 1884 1897
1886 8429 1886 8429
1889 9744 1889 9744
1891 244 1891 244
1891 9185 1891 9185
1892 5227 1892 5227
1893 6636 1893 6636
1896 2071 1896 2071
1896 4639 1896 4639
1898 825 1898 825
1898 3075 1898 3075
1903 595 1903 595
1908 474 1908 474
1909 9734 1909 9734
1910 296 1910 296
1910 7010 1910 7010
1914 1883 1914 1883
1914 3417 1914 3417
1918 4728 1918 4728
1921 8809 1921 8809
1924 235 1924 235
1925 4342 1925 4342
1926 2203 1926 2203
1927 4565 1927 4565
1927 4860 1927 4860
1927 9249 1927 9249
1938 6125 1938 6125
1939 9478 1939 9478
1940 6573 1940 6573
1943 2489 1943 2489
1943 3321 1943 3321
1943 9373 1943 9373
1944 6185 1944 6185
1947 5650 1947 5650
1947 5855 1947 5855
1948 6127 1948 6127
1949 3724 1949 3724
1951 2627 1951 2627
1951 7058 1951 7058
1953 3241 1953 3241
1956 2105 1956 2105
1964 7073 1964 7073
1965 6318 1965 6318
1966 5583 1966 5583
1969 3842 1969 3842
1971 100 1971 100
1971 773 1971 773
1971 9038 1971 9038
1975 2652 1975 2652
1976 3063 1976 3063
1983 2916 1983 2916
1990 3765 1990 3765
1991 8925 1991 8925
1992 7046 1992 7046
1993 1376 1993 1376
2000 5336 2000 5336
2009 3409 2009 3409
2011 4825 2011 4825
2012 4500 2012 4500
2014 5814 2014 5814
2017 2681 2017 2681
2019 1540 2019 1540
2020 9340 2020 9340
2022 2999 2022 2999
2022 8402 2022 8402
2025 1626 2025 1626
2026 3237 2026 3237
2027 6786 2027 6786
2031 5514 2031 5514
2032 1133 2032 1133
2039 2341 2039 2341
2039 5204 2039 5204
2040 5895 2040 5895
2041 1899 2041 1899
2041 8076 2041 8076
2042 3271 2042 3271
2044 2634 2044 2634
2044 4972 2044 4972
2045 4163 2045 4163
2045 6436 2045 6436
2050 3221 2050 3221
2052 9003 2052 9003
2052 9148 2052 9148
2061 847 2061 847
2061 4345 2061 4345
2061 9412 2061 9412
2063 8227 2063 8227
2067 5275 2067 5275
2067 5282 2067 5282
2067 9025 2067 9025
2073 5997 2073 5997
2074 1692 2074 1692
2074 1997 2074 1997
2082 4375 2082 4375
2082 8116 2082 8116
2083 2514 2083 2514
2084 9688 2084 9688
2085 7947 2085 7947
2088 499 2088 499
2088 2228 2088 2228
2090 1056 2090 1056
2091 3702 2091 3702
2095 6404 2095 6404
2096 1890 2096 1890
2100 5086 2100 5086
2103 1110 2103 1110
2105 1023 2105 1023
2106 7290 2106 7290
2107 7523 2107 7523
2107 8089 2107 8089
2108 4249 2108 4249
2109 658 2109 658
2109 1168 2109 1168
2109 9555 2109 9555
2115 2084 2115 2084
2116 9762 2116 9762
2117 3025 2117 3025
2119 5409 2119 5409
2123 6830 2123 6830
2123 6946 2123 6946
2124 155 2124 155
2125 4758 2125 4758
2126 4714 2126 4714
2127 9492 2127 9492
2129 9272 2129 9272
2137 1153 2137 1153
2139 8479 2139 8479
2141 3708 2141 3708
2142 5055 2142 5055
2143 6872 2143 6872
2144 9148 2144 9148
2146 4614 2146 4614
2148 8782 2148 8782
2150 9530 2150 9530
2153 4332 2153 4332
2153 4702 2153 4702
2153 4933 2153 4933
2153 6750 2153 6750
2155 1080 2155 1080
2155 7892 2155 7892
2156 7607 2156 7607
2159 7609 2159 7609
2160 5017 2160 5017
2168 8576 2168 8576
2170 799 2170 799
2173 2580 2173 2580
2174 8166 2174 8166
2180 208 2180 208
2186 5994 2186 5994
2188 9468 2188 9468
2189 693 2189 693
2191 1438 2191 1438
2191 2733 2191 2733
2191 8943 2191 8943
2192 3858 2192 3858
2194 2233 2194 2233
2195 5856 2195 5856
2198 7423 2198 7423
2200 9787 2200 9787
2201 5323 2201 5323
2201 5888 2201 5888
2201 8838 2201 8838
2202 4609 2202 4609
2204 2155 2204 2155
2204 9116 2204 9116
2210 5527 2210 5527
2213 664 2213 664
2214 5719 2214 5719
2215 1051 2215 1051
2217 5114 2217 5114
2219 8457 2219 8457
2220 841 2220 841
2220 2135 2220 2135
2220 2586 2220 2586
2220 5743 2220 5743
2220 6033 2220 6033
2221 9124 2221 9124
2223 7961 2223 7961
2225 6016 2225 6016
2228 1421 2228 1421
2229 67 2229 67
2229 8500 2229 8500
2238 3558 2238 3558
2238 3604 2238 3604
2241 902 2241 902
2241 4287 2241 4287
2249 3989 2249 3989
2249 8705 2249 8705
2250 2439 2250 2439
2256 5874 2256 5874
2257 5784 2257 5784
2258 3259 2258 3259
2259 7600 2259 7600
2260 25 2260 25
2261 4954 2261 4954
2261 6048 2261 6048
2264 1161 2264 1161
2266 1976 2266 1976
2268 9791 2268 9791
2270 1552 2270 1552
2270 8266 2270 8266
2271 6073 2271 6073
2272 9571 2272 9571
2276 12 2276 12
2278 5234 2278 5234
2280 3546 2280 3546
2282 3542 2282 3542
2283 4377 2283 4377
2284 7651 2284 7651
2291 2619 2291 2619
2292 1194 2292 1194
2297 5076 2297 5076
2302 8622 2302 8622
2304 224 2304 224
2304 3657 2304 3657
2308 3879 2308 3879
2312 4766 2312 4766
2314 3348 2314 3348
2314 6468 2314 6468
2316 1281 2316 1281
2317 8409 2317 8409
2318 1133 2318 1133
2318 2357 2318 2357
2319 9411 2319 9411
2320 4540 2320 4540
2321 3450 2321 3450
2324 4085 2324 4085
2327 1276 2327 1276
2329 5878 2329 5878
2334 4341 2334 4341
2337 1530 2337 1530
2339 9863 2339 9863
2340 2844 2340 2844
2341 4643 2341 4643
2342 7767 2342 7767
2343 8158 2343 8158
2344 576 2344 576
2351 9424 2351 9424
2352 9456 2352 9456
2353 8034 2353 8034
2354 127 2354 127
2355 4596 2355 4596
2356 8223 2356 8223
2356 8839 2356 8839
2359 4253 2359 4253
2360 9293 2360 9293
2366 1191 2366 1191
2375 7541 2375 7541
2380 3692 2380 3692
2381 2602 2381 2602
2386 884 2386 884
2393 9514 2393 9514
2394 7340 2394 7340
2397 5933 2397 5933
2399 1930 2399 1930
2399 9517 2399 9517
2402 7249 2402 7249
2403 8615 2403 8615
2403 8649 2403 8649
2404 4692 2404 4692
2407 7016 2407 7016
2409 5827 2409 5827
2410 73 2410 73
2414 1671 2414 1671
2415 1843 2415 1843
2415 3245 2415 3245
2416 3195 2416 3195
2417 506 2417 506
2420 5763 2420 5763
2424 444 2424 444
2424 1406 2424 1406
2424 1889 2424 1889
2424 4837 2424 4837
2425 1387 2425 1387
2432 5926 2432 5926
2432 7335 2432 7335
2433 961 2433 961
2433 3313 2433 3313
2434 4928 2434 4928
2434 8071 2434 8071
2435 6524 2435 6524
2439 4430 2439 4430
2444 8671 2444 8671
2444 9860 2444 9860
2445 1517 2445 1517
2448 1593 2448 1593
2449 64 2449 64
2451 9165 2451 9165
2453 737 2453 737
2458 868 2458 868
2458 7725 2458 7725
2460 415 2460 415
2460 9883 2460 9883
2462 5422 2462 5422
2464 4778 2464 4778
2466 2691 2466 2691
2467 2812 2467 2812
2467 3313 2467 3313
2468 7906 2468 7906
2469 1121 2469 1121
2470 4579 2470 4579
2471 4332 2471 4332
2471 8833 2471 8833
2475 8551 2475 8551
2479 7502 2479 7502
2482 5263 2482 5263
2483 8083 2483 8083
2486 7961 2486 7961
2487 1881 2487 1881
2488 1295 2488 1295
2490 86 2490 86
2491 2474 2491 2474
2491 9354 2491 9354
2493 5597 2493 5597
2494 2716 2494 2716
2494 8843 2494 8843
2498 2826 2498 2826
2498 5952 2498 5952
2499 3108 2499 3108
2500 9902 2500 9902
2501 3895 2501 3895
2502 4240 2502 4240
2503 9352 2503 9352
2504 6258 2504 6258
2506 162 2506 162
2506 2674 2506 2674
2507 71 2507 71
2510 833 2510 833
2512 8335 2512 8335
2514 4695 2514 4695
2516 3118 2516 3118
2518 6347 2518 6347
2521 2504 2521 2504
2522 8042 2522 8042
2522 8677 2522 8677
2524 4090 2524 4090
2529 1071 2529 1071
2529 8320 2529 8320
2533 7261 2533 7261
2535 1122 2535 1122
2539 9314 2539 9314
2539 9608 2539 9608
2540 8230 2540 8230
2541 2043 2541 2043
2543 7920 2543 7920
2544 6471 2544 6471
2547 277 2547 277
2549 1903 2549 1903
2550 4652 2550 4652
2550 6540 2550 6540
2554 8555 2554 8555
2555 4967 2555 4967
2556 730 2556 730
2556 6627 2556 6627
2556 9781 2556 9781
2559 1014 2559 1014
2561 324 2561 324
2561 9572 2561 9572
2562 1083 2562 1083
2564 3541 2564 3541
2564 9728 2564 9728
2570 2541 2570 2541
2573 399 2573 399
2574 4641 2574 4641
2574 9461 2574 9461
2579 8962 2579 8962
2581 3017 2581 3017
2581 5104 2581 5104
2582 1052 2582 1052
2584 7311 2584 7311
2589 1686 2589 1686
2590 1323 2590 1323
2591 3792 2591 3792
2594 5457 2594 5457
2597 4848 2597 4848
2603 616 2603 616
2604 316 2604 316
2605 9083 2605 9083
2606 7621 2606 7621
2607 4978 2607 4978
2607 5993 2607 5993
2613 557 2613 557
2614 8936 2614 8936
2617 2018 2617 2018
2617 3730 2617 3730
2617 8265 2617 8265
2618 496 2618 496
2620 7395 2620 7395
2624 6558 2624 6558
2625 3755 2625 3755
2627 9522 2627 9522
2628 5247 2628 5247
2628 9488 2628 9488
2632 4704 2632 4704
2634 603 2634 603
2635 5149 2635 5149
2638 4955 2638 4955
2640 1007 2640 1007
2643 2269 2643 2269
2643 3086 2643 3086
2644 9828 2644 9828
2645 472 2645 472
2647 7768 2647 7768
2649 385 2649 385
2652 7860 2652 7860
2654 4178 2654 4178
2654 4802 2654 4802
2654 6869 2654 6869
2657 8713 2657 8713
2660 914 2660 914
2660 6688 2660 6688
2675 8394 2675 8394
2679 2976 2679 2976
2681 844 2681 844
2681 5571 2681 5571
2687 627 2687 627
2687 2766 2687 2766
2688 4075 2688 4075
2689 4207 2689 4207
2690 3354 2690 3354
2700 8714 2700 8714
2701 8511 2701 8511
2702 1482 2702 1482
2702 8943 2702 8943
2704 4646 2704 4646
2705 143 2705 143
2707 1432 2707 1432
2707 4609 2707 4609
2708 1466 2708 1466
2709 9933 2709 9933
2710 9062 2710 9062
2712 9018 2712 9018
2713 9903 2713 9903
2718 8142 2718 8142
2718 8315 2718 8315
2721 9945 2721 9945
2722 3974 2722 3974
2722 6145 2722 6145
2725 5332 2725 5332
2725 8213 2725 8213
2726 9176 2726 9176
2728 4754 2728 4754
2729 3305 2729 3305
2729 9336 2729 9336
2733 708 2733 708
2736 2622 2736 2622
2738 1255 2738 1255
2739 903 2739 903
2750 5494 2750 5494
2755 241 2755 241
2755 7527 2755 7527
2757 1487 2757 1487
2757 7410 2757 7410
2758 8205 2758 8205
2760 611 2760 611
2762 1029 2762 1029
2762 7386 2762 7386
2764 3797 2764 3797
2766 5073 2766 5073
2766 7936 2766 7936
2769 4250 2769 4250
2769 5217 2769 5217
2772 8472 2772 8472
2773 6040 2773 6040
2778 4191 2778 4191
2781 3977 2781 3977
2788 7551 2788 7551
2790 8990 2790 8990
2794 9937 2794 9937
2795 666 2795 666
2797 5467 2797 5467
2804 5436 2804 5436
2805 4587 2805 4587
2805 4927 2805 4927
2812 4953 2812 4953
2815 883 2815 883
2817 5386 2817 5386
2818 1665 2818 1665
2818 9363 2818 9363
2820 3700 2820 3700
2821 1546 2821 1546
2821 4892 2821 4892
2823 3093 2823 3093
2824 4798 2824 4798
2825 7750 2825 7750
2829 3806 2829 3806
2833 9446 2833 9446
2834 9026 2834 9026
2835 2407 2835 2407
2836 9934 2836 9934
2840 78 2840 78
2841 2510 2841 2510
2842 8636 2842 8636
2843 1121 2843 1121
2845 3615 2845 3615
2847 5551 2847 5551
2847 8291 2847 8291
2848 3353 2848 3353
2851 5038 2851 5038
2853 2174 2853 2174
2854 213 2854 213
2856 9006 2856 9006
2859 5272 2859 5272
2862 6651 2862 6651
2866 8547 2866 8547
2867 2740 2867 2740
2868 147 2868 147
2869 7440 2869 7440
2870 2885 2870 2885
2871 5249 2871 5249
2874 8044 2874 8044
2877 4988 2877 4988
2882 869 2882 869
2882 2000 2882 2000
2885 6528 2885 6528
2886 3392 2886 3392
2886 4038 2886 4038
2887 641 2887 641
2888 9165 2888 9165
2895 2475 2895 2475
2897 743 2897 743
2897 7668 2897 7668
2898 321 2898 321
2901 7843 2901 7843
2902 772 2902 772
2902 6648 2902 6648
2908 2553 2908 2553
2908 5956 2908 5956
2909 8220 2909 8220
2911 9543 2911 9543
2913 8314 2913 8314
2914 4930 2914 4930
2914 9555 2914 9555
2920 2272 2920 2272
2921 7126 2921 7126
2922 218 2922 218
2923 1561 2923 1561
2928 4163 2928 4163
2928 4656 2928 4656
2930 914 2930 914
2932 1225 2932 1225
2932 1424 2932 1424
2933 3090 2933 3090
2935 9126 2935 9126
2942 5426 2942 5426
2946 2903 2946 2903
2950 7154 2950 7154
2951 1200 2951 1200
2953 8006 2953 8006
2954 2226 2954 2226
2957 3113 2957 3113
2958 3981 2958 3981
2961 7570 2961 7570
2961 7925 2961 7925
2964 6206 2964 6206
2966 2475 2966 2475
2966 2681 2966 2681
2968 8442 2968 8442
2968 9900 2968 9900
2971 1291 2971 1291
2972 9118 2972 9118
2973 4063 2973 4063
2974 280 2974 280
2977 6437 2977 6437
2977 9124 2977 9124
2978 4842 2978 4842
2981 1553 2981 1553
2984 4075 2984 4075
2984 7033 2984 7033
2985 5870 2985 5870
2986 4580 2986 4580
2988 9962 2988 9962
2991 4191 2991 4191
2993 8749 2993 8749
2996 251 2996 251
2997 4466 2997 4466
2999 5301 2999 5301
3000 3051 3000 3051
3002 6705 3002 6705
3004 1690 3004 1690
3006 7580 3006 7580
3008 9862 3008 9862
3014 2173 3014 2173
3014 6478 3014 6478
3015 9828 3015 9828
3019 6483 3019 6483
3020 4352 3020 4352
3020 6421 3020 6421
3020 8074 3020 8074
3022 8564 3022 8564
3024 1220 3024 1220
3031 5866 3031 5866
3032 5256 3032 5256
3033 7363 3033 7363
3034 9137 3034 9137
3034 9513 3034 9513
3036 8504 3036 8504
3041 4679 3041 4679
3045 27 3045 27
3053 5195 3053 5195
3054 1817 3054 1817
3056 4645 3056 4645
3057 8608 3057 8608
3060 4972 3060 4972
3060 5175 3060 5175
3060 9499 3060 9499
3061 2656 3061 2656
3061 6832 3061 6832
3062 2197 3062 2197
3063 2389 3063 2389
3063 3002 3063 3002
3063 8466 3063 8466
3065 5220 3065 5220
3067 1663 3067 1663
3067 5305 3067 5305
3067 7867 3067 7867
3067 9786 3067 9786
3069 1245 3069 1245
3069 1986 3069 1986
3078 2211 3078 2211
3078 6764 3078 6764
3084 455 3084 455
3084 3931 3084 3931
3089 1470 3089 1470
3089 5314 3089 5314
3091 6930 3091 6930
3094 9604 3094 9604
3097 5342 3097 5342
3098 3134 3098 3134
3098 3938 3098 3938
3099 7347 3099 7347
3099 9162 3099 9162
3101 4047 3101 4047
3102 5881 3102 5881
3104 9934 3104 9934
3105 4613 3105 4613
3111 2677 3111 2677
3111 2693 3111 2693
3115 7642 3115 7642
3118 2978 3118 2978
3118 8243 3118 8243
3119 1425 3119 1425
3119 1543 3119 1543
3119 6869 3119 6869
3120 9877 3120 9877
3125 7858 3125 7858
3128 7990 3128 7990
3128 9780 3128 9780
3133 2183 3133 2183
3134 3243 3134 3243
3134 6475 3134 6475
3135 9690 3135 9690
3136 8947 3136 8947
3137 273 3137 273
3138 8995 3138 8995
3139 1583 3139 1583
3141 3622 3141 3622
3148 4462 3148 4462
3153 4234 3153 4234
3154 6502 3154 6502
3156 6709 3156 6709
3158 4612 3158 4612
3160 8162 3160 8162
3168 6192 3168 6192
3172 2319 3172 2319
3172 2787 3172 2787
3178 7555 3178 7555
3179 2157 3179 2157
3179 3246 3179 3246
3181 405 3181 405
3181 797 3181 797
3181 2808 3181 2808
3182 4357 3182 4357
3182 9552 3182 9552
3183 8609 3183 8609
3183 8857 3183 8857
3184 6534 3184 6534
3188 239 3188 239
3190 60 3190 60
3196 1965 3196 1965
3196 3470 3196 3470
3198 7409 3198 7409
3199 1051 3199 1051
3201 3974 3201 3974
3202 2907 3202 2907
3204 7947 3204 7947
3205 262 3205 262
3205 8707 3205 8707
3206 5513 3206 5513
3208 7034 3208 7034
3216 2360 3216 2360
3216 2618 3216 2618
3216 3563 3216 3563
3216 9698 3216 9698
3217 4903 3217 4903
3218 7426 3218 7426
3221 4932 3221 4932
3223 9759 3223 9759
3227 5737 3227 5737
3229 8089 3229 8089
3232 3629 3232 3629
3233 3885 3233 3885
3236 9598 3236 9598
3237 4173 3237 4173
3240 4684 3240 4684
3241 4587 3241 4587
3246 2626 3246 2626
3249 4450 3249 4450
3250 7656 3250 7656
3252 2005 3252 2005
3254 5248 3254 5248
3263 840 3263 840
3265 943 3265 943
3265 7324 3265 7324
3266 214 3266 214
3266 614 3266 614
3267 2418 3267 2418
3267 9321 3267 9321
3270 2374 3270 2374
3273 3210 3273 3210
3274 3215 3274 3215
3274 3345 3274 3345
3275 8455 3275 8455
3277 9990 3277 9990
3278 9381 3278 9381
3284 8355 3284 8355
3286 2612 3286 2612
3292 5013 3292 5013
3294 6924 3294 6924
3295 5541 3295 5541
3297 4050 3297 4050
3297 9150 3297 9150
3298 5402 3298 5402
3298 6277 3298 6277
3299 4554 3299 4554
3303 5430 3303 5430
3304 3148 3304 3148
3305 5417 3305 5417
3305 7523 3305 7523
3308 3345 3308 3345
3309 1032 3309 1032
3313 706 3313 706
3316 4966 3316 4966
3319 8063 3319 8063
3323 8342 3323 8342
3325 3690 3325 3690
3326 2159 3326 2159
3328 17 3328 17
3329 7052 3329 7052
3330 2595 3330 2595
3335 5341 3335 5341
3339 9266 3339 9266
3342 3853 3342 3853
3345 6115 3345 6115
3346 249 3346 249
3350 8973 3350 8973
3352 1087 3352 1087
3354 3244 3354 3244
3358 8643 3358 8643
3359 7687 3359 7687
3363 5523 3363 5523
3365 2803 3365 2803
3367 147 3367 147
3369 9556 3369 9556
3369 9928 3369 9928
3370 1960 3370 1960
3370 6017 3370 6017
3371 2986 3371 2986
3373 7069 3373 7069
3377 5070 3377 5070
3380 5490 3380 5490
3383 9318 3383 9318
3386 512 3386 512
3386 1037 3386 1037
3386 7751 3386 7751
3388 5682 3388 5682
3389 9138 3389 9138
3391 4619 3391 4619
3391 9607 3391 9607
3393 7717 3393 7717
3396 292 3396 292
3399 8847 3399 8847
3400 4266 3400 4266
3401 429 3401 429
3401 7938 3401 7938
3405 950 3405 950
3408 7666 3408 7666
3408 9575 3408 9575
3410 4161 3410 4161
3410 8569 3410 8569
3412 126 3412 126
3413 7098 3413 7098
3414 7273 3414 7273
3415 6700 3415 6700
3417 8446 3417 8446
3418 2298 3418 2298
3422 2947 3422 2947
3423 5118 3423 5118
3424 4907 3424 4907
3424 5600 3424 5600
3425 4227 3425 4227
3428 4925 3428 4925
3428 6304 3428 6304
3430 2642 3430 2642
3437 2286 3437 2286
3438 3353 3438 3353
3439 4055 3439 4055
3439 4889 3439 4889
3440 1616 3440 1616
3440 4304 3440 4304
3441 5753 3441 5753
3445 1812 3445 1812
3445 7136 3445 7136
3447 4007 3447 4007
3447 4274 3447 4274
3448 1509 3448 1509
3454 8345 3454 8345
3457 4362 3457 4362
3460 3167 3460 3167
3460 5407 3460 5407
3460 8291 3460 8291
3461 4612 3461 4612
3461 8364 3461 8364
3461 9412 3461 9412
3467 8004 3467 8004
3467 9097 3467 9097
3469 6245 3469 6245
3471 4451 3471 4451
3473 3974 3473 3974
3474 1690 3474 1690
3475 9425 3475 9425
3476 2214 3476 2214
3481 5719 3481 5719
3483 3664 3483 3664
3483 7174 3483 7174
3484 4187 3484 4187
3484 9047 3484 9047
3486 7649 3486 7649
3486 8382 3486 8382
3494 5599 3494 5599
3494 7347 3494 7347
3495 2534 3495 2534
3502 5918 3502 5918
3502 7608 3502 7608
3504 6973 3504 6973
3510 3902 3510 3902
3510 7983 3510 7983
3516 1608 3516 1608
3516 6032 3516 6032
3520 6350 3520 6350
3521 4145 3521 4145
3523 5571 3523 5571
3525 6260 3525 6260
3527 9635 3527 9635
3530 5651 3530 5651
3535 4268 3535 4268
3538 8397 3538 8397
3541 8037 3541 8037
3543 4245 3543 4245
3543 7703 3543 7703
3544 5137 3544 5137
3548 8485 3548 8485
3550 9721 3550 9721
3551 7491 3551 7491
3551 7694 3551 7694
3553 7027 3553 7027
3554 7533 3554 7533
3558 3585 3558 3585
3558 4312 3558 4312
3559 1533 3559 1533
3562 5907 3562 5907
3563 6140 3563 6140
3571 9267 3571 9267
3571 9303 3571 9303
3573 817 3573 817
3574 1996 3574 1996
3581 7132 3581 7132
3582 9543 3582 9543
3587 5569 3587 5569
3588 165 3588 165
3589 1020 3589 1020
3591 964 3591 964
3591 3475 3591 3475
3592 4080 3592 4080
3595 8613 3595 8613
3602 8236 3602 8236
3603 1719 3603 1719
3605 5593 3605 5593
3607 375 3607 375
3607 5895 3607 5895
3612 567 3612 567
3613 8173 3613 8173
3615 1566 3615 1566
3615 5313 3615 5313
3617 2112 3617 2112
3617 8333 3617 8333
3618 9055 3618 9055
3619 3784 3619 3784
3620 9732 3620 9732
3621 4409 3621 4409
3630 3360 3630 3360
3634 8491 3634 8491
3636 3322 3636 3322
3637 657 3637 657
3637 3746 3637 3746
3639 3078 3639 3078
3641 6893 3641 6893
3646 2638 3646 2638
3648 3145 3648 3145
3650 2827 3650 2827
3653 518 3653 518
3654 1659 3654 1659
3654 2092 3654 2092
3654 9396 3654 9396
3657 7020 3657 7020
3660 4301 3660 4301
3671 5095 3671 5095
3672 7330 3672 7330
3674 1517 3674 1517
3677 4137 3677 4137
3681 2522 3681 2522
3682 5157 3682 5157
3684 1300 3684 1300
3684 2105 3684 2105
3685 4791 3685 4791
3687 2964 3687 2964
3688 2135 3688 2135
3690 6602 3690 6602
3690 9621 3690 9621
3700 5839 3700 5839
3701 6903 3701 6903
3708 2375 3708 2375
3708 8761 3708 8761
3709 90 3709 90
3709 1929 3709 1929
3709 3257 3709 3257
3710 4051 3710 4051
3711 4485 3711 4485
3713 483 3713 483
3714 2309 3714 2309
3714 5178 3714 5178
3714 9039 3714 9039
3715 1959 3715 1959
3720 5427 3720 5427
3720 9120 3720 9120
3721 8525 3721 8525
3724 6473 3724 6473
3729 9904 3729 9904
3735 4539 3735 4539
3737 9287 3737 9287
3738 7902 3738 7902
3741 4554 3741 4554
3742 1264 3742 1264
3743 7992 3743 7992
3748 5381 3748 5381
3749 3125 3749 3125
3750 6797 3750 6797
3752 2351 3752 2351
3752 3449 3752 3449
3754 1598 3754 1598
3755 6610 3755 6610
3759 6353 3759 6353
3760 9458 3760 9458
3761 366 3761 366
3762 8911 3762 8911
3762 9632 3762 9632
3769 1394 3769 1394
3771 1222 3771 1222
3779 8274 3779 8274
3779 8763 3779 8763
3780 5333 3780 5333
3781 3426 3781 3426
3783 7602 3783 7602
3786 9725 3786 9725
3787 6533 3787 6533
3788 6731 3788 6731
3792 354 3792 354
3798 8166 3798 8166
3802 6514 3802 6514
3804 4485 3804 4485
3807 496 3807 496
3807 8185 3807 8185
3812 5733 3812 5733
3812 9471 3812 9471
3815 1 3815 1
3815 8734 3815 8734
3818 5923 3818 5923
3819 972 3819 972
3820 6678 3820 6678
3820 8930 3820 8930
3824 3158 3824 3158
3833 3832 3833 3832
3835 6172 3835 6172
3836 7123 3836 7123
3840 3395 3840 3395
3845 9594 3845 9594
3847 7504 3847 7504
3851 9170 3851 9170
3852 8475 3852 8475
3857 3311 3857 3311
3857 7564 3857 7564
3858 6451 3858 6451
3859 8744 3859 8744
3864 8352 3864 8352
3866 7043 3866 7043
3869 166 3869 166
3871 1879 3871 1879
3872 2842 3872 2842
3875 2670 3875 2670
3875 3378 3875 3378
3889 9324 3889 9324
3899 4673 3899 4673
3901 1323 3901 1323
3901 3327 3901 3327
3902 2306 3902 2306
3902 2772 3902 2772
3904 4085 3904 4085
3904 8689 3904 8689
3907 9642 3907 9642
3908 1810 3908 1810
3914 5336 3914 5336
3915 5215 3915 5215
3915 7217 3915 7217
3916 362 3916 362
3916 771 3916 771
3920 8098 3920 8098
3920 8390 3920 8390
3922 4677 3922 4677
3924 3619 3924 3619
3926 188 3926 188
3926 8590 3926 8590
3928 2135 3928 2135
3928 5314 3928 5314
3930 1930 3930 1930
3932 4044 3932 4044
3932 8893 3932 8893
3933 7577 3933 7577
3934 624 3934 624
3937 9688 3937 9688
3938 2981 3938 2981
3939 3111 3939 3111
3939 4270 3939 4270
3939 4957 3939 4957
3940 5238 3940 5238
3941 5126 3941 5126
3941 5492 3941 5492
3941 9372 3941 9372
3943 9857 3943 9857
3949 8207 3949 8207
3952 8082 3952 8082
3953 8964 3953 8964
3964 7253 3964 7253
3965 3742 3965 3742
3967 4933 3967 4933
3967 7203 3967 7203
3967 7853 3967 7853
3968 253 3968 253
3970 2621 3970 2621
3972 1501 3972 1501
3972 9632 3972 9632
3973 9797 3973 9797
3974 6335 3974 6335
3977 2690 3977 2690
3977 5261 3977 5261
3977 5629 3977 5629
3980 5546 3980 5546
3982 3532 3982 3532
3982 4156 3982 4156
3986 2002 3986 2002
3986 3367 3986 3367
3990 616 3990 616
3990 5222 3990 5222
3994 2935 3994 2935
3995 4002 3995 4002
3995 9981 3995 9981
3996 6861 3996 6861
3997 3325 3997 3325
3998 4728 3998 4728
4001 477 4001 477
4004 2054 4004 2054
4004 7742 4004 7742
4006 8109 4006 8109
4009 339 4009 339
4009 525 4009 525
4011 3873 4011 3873
4012 5980 4012 5980
4014 6340 4014 6340
4015 3352 4015 3352
4017 3158 4017 3158
4021 1551 4021 1551
4023 7671 4023 7671
4024 8594 4024 8594
4024 9645 4024 9645
4029 9048 4029 9048
4033 9781 4033 9781
4035 5777 4035 5777
4039 3662 4039 3662
4040 4207 4040 4207
4044 3569 4044 3569
4045 4331 4045 4331
4047 4538 4047 4538
4051 9201 4051 9201
4053 4574 4053 4574
4057 212 4057 212
4062 6131 4062 6131
4064 1702 4064 1702
4070 6202 4070 6202
4073 2663 4073 2663
4078 4330 4078 4330
4080 4331 4080 4331
4081 1172 4081 1172
4081 9787 4081 9787
4089 1738 4089 1738
4090 4399 4090 4399
4090 6083 4090 6083
4092 2381 4092 2381
4093 9839 4093 9839
4096 5368 4096 5368
4098 4954 4098 4954
4101 1007 4101 1007
4102 460 4102 460
4105 4792 4105 4792
4106 567 4106 567
4109 1223 4109 1223
4110 6848 4110 6848
4113 6014 4113 6014
4114 3590 4114 3590
4114 4440 4114 4440
4114 7145 4114 7145
4116 1306 4116 1306
4117 1513 4117 1513
4118 2726 4118 2726
4118 8167 4118 8167
4122 3947 4122 3947
4125 7650 4125 7650
4126 7725 4126 7725
4133 3252 4133 3252
4135 9453 4135 9453
4140 6110 4140 6110
4144 1858 4144 1858
4146 8132 4146 8132
4146 9054 4146 9054
4147 1148 4147 1148
4147 4670 4147 4670
4149 2745 4149 2745
4154 4034 4154 4034
4158 4449 4158 4449
4160 6538 4160 6538
4162 151 4162 151
4162 1113 4162 1113
4167 6509 4167 6509
4169 5459 4169 5459
4170 5054 4170 5054
4175 9918 4175 9918
4177 6770 4177 6770
4181 969 4181 969
4183 1598 4183 1598
4189 513 4189 513
4190 6660 4190 6660
4194 9340 4194 9340
4195 8569 4195 8569
4199 630 4199 630
4206 283 4206 283
4207 5701 4207 5701
4207 9996 4207 9996
4208 5450 4208 5450
4209 231 4209 231
4210 9250 4210 9250
4214 9516 4214 9516
4216 3368 4216 3368
4220 5318 4220 5318
4220 6937 4220 6937
4220 7225 4220 7225
4220 8473 4220 8473
4224 3812 4224 3812
4225 8311 4225 8311
4226 6216 4226 6216
4226 8498 4226 8498
4227 1885 4227 1885
4228 2279 4228 2279
4234 949 4234 949
4236 3893 4236 3893
4240 9315 4240 9315
4241 1019 4241 1019
4241 3437 4241 3437
4245 7891 4245 7891
4248 318 4248 318
4249 87 4249 87
4249 7535 4249 7535
4250 1985 4250 1985
4251 5460 4251 5460
4253 9225 4253 9225
4256 8757 4256 8757
4261 2497 4261 2497
4261 3025 4261 3025
4262 4079 4262 4079
4263 5801 4263 5801
4265 9653 4265 9653
4269 9200 4269 9200
4270 3355 4270 3355
4271 2767 4271 2767
4271 7174 4271 7174
4271 7299 4271 7299
4271 7316 4271 7316
4274 8703 4274 8703
4277 3864 4277 3864
4277 5885 4277 5885
4279 948 4279 948
4280 7853 4280 7853
4281 3304 4281 3304
4282 7415 4282 7415
4282 8108 4282 8108
4283 1353 4283 1353
4285 2551 4285 2551
4296 642 4296 642
4299 5492 4299 5492
4299 9314 4299 9314
4302 3023 4302 3023
4302 4524 4302 4524
4305 9423 4305 9423
4309 1886 4309 1886
4309 6203 4309 6203
4311 8723 4311 8723
4311 8921 4311 8921
4313 8579 4313 8579
4314 2001 4314 2001
4318 4329 4318 4329
4320 3353 4320 3353
4322 4784 4322 4784
4322 7656 4322 7656
4323 4372 4323 4372
4324 9425 4324 9425
4325 2707 4325 2707
4327 1599 4327 1599
4329 4405 4329 4405
4334 6924 4334 6924
4336 8932 4336 8932
4336 9930 4336 9930
4337 1045 4337 1045
4341 2464 4341 2464
4342 2730 4342 2730
4343 9692 4343 9692
4345 923 4345 923
4349 7123 4349 7123
4351 3669 4351 3669
4351 5093 4351 5093
4352 5600 4352 5600
4353 3890 4353 3890
4355 8781 4355 8781
4358 4616 4358 4616
4360 4780 4360 4780
4361 5942 4361 5942
4361 7415 4361 7415
4363 2083 4363 2083
4365 4743 4365 4743
4369 8444 4369 8444
4371 6189 4371 6189
4371 9980 4371 9980
4380 5997 4380 5997
4381 5686 4381 5686
4384 3086 4384 3086
4386 6975 4386 6975
4392 6578 4392 6578
4395 9403 4395 9403
4398 5338 4398 5338
4401 4591 4401 4591
4403 8883 4403 8883
4406 4345 4406 4345
4409 1011 4409 1011
4410 5461 4410 5461
4411 9064 4411 9064
4416 3443 4416 3443
4417 4871 4417 4871
4428 1703 4428 1703
4429 5979 4429 5979
4432 7033 4432 7033
4432 7392 4432 7392
4433 2149 4433 2149
4435 244 4435 244
4437 9580 4437 9580
4441 321 4441 321
4442 2091 4442 2091
4447 7516 4447 7516
4448 6748 4448 6748
4449 9135 4449 9135
4453 2548 4453 2548
4456 2619 4456 2619
4456 9813 4456 9813
4463 8625 4463 8625
4465 3491 4465 3491
4467 2469 4467 2469
4469 5454 4469 5454
4469 6387 4469 6387
4470 788 4470 788
4472 4626 4472 4626
4475 22 4475 22
4477 5182 4477 5182
4478 8674 4478 8674
4481 5653 4481 5653
4485 7410 4485 7410
4488 4162 4488 4162
4490 2327 4490 2327
4499 4137 4499 4137
4499 4944 4499 4944
4499 5638 4499 5638
4502 7332 4502 7332
4502 8162 4502 8162
4503 2877 4503 2877
4504 4115 4504 4115
4509 7292 4509 7292
4517 8865 4517 8865
4518 4853 4518 4853
4520 4151 4520 4151
4520 8957 4520 8957
4523 7663 4523 7663
4530 6144 4530 6144
4530 6360 4530 6360
4530 8966 4530 8966
4534 4978 4534 4978
4534 9697 4534 9697
4538 7550 4538 7550
4541 5107 4541 5107
4543 8909 4543 8909
4547 182 4547 182
4547 2654 4547 2654
4547 7026 4547 7026
4548 3763 4548 3763
4550 9257 4550 9257
4551 4516 4551 4516
4554 8593 4554 8593
4555 2745 4555 2745
4555 6612 4555 6612
4557 269 4557 269
4557 8576 4557 8576
4559 4001 4559 4001
4560 9758 4560 9758
4564 9200 4564 9200
4568 5109 4568 5109
4569 847 4569 847
4569 3852 4569 3852
4569 4664 4569 4664
4571 4874 4571 4874
4575 8985 4575 8985
4578 9203 4578 9203
4582 2496 4582 2496
4588 7108 4588 7108
4589 9445 4589 9445
4593 3701 4593 3701
4594 5997 4594 5997
4595 255 4595 255
4596 4466 4596 4466
4599 4788 4599 4788
4601 139 4601 139
4601 4270 4601 4270
4603 4812 4603 4812
4607 1166 4607 1166
4609 464 4609 464
4610 3026 4610 3026
4611 5049 4611 5049
4612 8261 4612 8261
4612 8765 4612 8765
4614 5251 4614 5251
4614 6589 4614 6589
4620 9924 4620 9924
4622 1270 4622 1270
4629 5345 4629 5345
4629 5372 4629 5372
4630 2843 4630 2843
4630 7380 4630 7380
4634 6284 4634 6284
4635 9603 4635 9603
4636 430 4636 430
4636 6552 4636 6552
4637 5681 4637 5681
4638 3911 4638 3911
4640 8119 4640 8119
4644 860 4644 860
4646 1690 4646 1690
4647 5602 4647 5602
4652 4252 4652 4252
4652 7155 4652 7155
4658 5757 4658 5757
4661 905 4661 905
4661 7761 4661 7761
4663 8204 4663 8204
4664 283 4664 283
4667 822 4667 822
4667 1755 4667 1755
4669 3715 4669 3715
4669 8644 4669 8644
4671 5834 4671 5834
4671 6721 4671 6721
4673 7789 4673 7789
4674 7468 4674 7468
4682 3189 4682 3189
4683 2191 4683 2191
4684 8760 4684 8760
4685 1232 4685 1232
4685 8277 4685 8277
4686 9776 4686 9776
4688 9649 4688 9649
4692 5471 4692 5471
4693 117 4693 117
4693 6191 4693 6191
4693 8097 4693 8097
4694 617 4694 617
4694 6882 4694 6882
4695 4210 4695 4210
4696 2014 4696 2014
4698 4306 4698 4306
4699 957 4699 957
4702 4916 4702 4916
4702 5077 4702 5077
4704 152 4704 152
4704 4041 4704 4041
4704 8274 4704 8274
4705 2607 4705 2607
4706 2495 4706 2495
4706 4255 4706 4255
4709 5184 4709 5184
4709 7995 4709 7995
4710 6413 4710 6413
4711 1178 4711 1178
4713 2620 4713 2620
4715 1476 4715 1476
4716 5453 4716 5453
4719 1782 4719 1782
4719 7076 4719 7076
4722 2798 4722 2798
4727 3112 4727 3112
4728 171 4728 171
4729 511 4729 511
4729 2135 4729 2135
4729 8026 4729 8026
4730 0 4730 0
4736 1103 4736 1103
4737 770 4737 770
4742 1847 4742 1847
4742 5695 4742 5695
4748 4536 4748 4536
4750 7608 4750 7608
4753 3152 4753 3152
4753 6108 4753 6108
4756 5805 4756 5805
4764 4854 4764 4854
4767 4896 4767 4896
4767 7864 4767 7864
4770 7938 4770 7938
4770 9015 4770 9015
4771 2418 4771 2418
4772 3205 4772 3205
4775 2894 4775 2894
4776 3543 4776 3543
4779 6093 4779 6093
4784 1107 4784 1107
4788 163 4788 163
4788 1902 4788 1902
4788 6926 4788 6926
4791 455 4791 455
4795 4839 4795 4839
4801 6719 4801 6719
4802 510 4802 510
4803 3847 4803 3847
4810 5414 4810 5414
4812 2032 4812 2032
4812 6667 4812 6667
4815 1051 4815 1051
4818 463 4818 463
4820 8578 4820 8578
4822 4372 4822 4372
4823 3533 4823 3533
4824 9181 4824 9181
4826 33 4826 33
4826 6954 4826 6954
4830 5571 4830 5571
4833 1171 4833 1171
4834 6227 4834 6227
4835 1611 4835 1611
4836 7378 4836 7378
4838 3583 4838 3583
4841 3773 4841 3773
4841 8824 4841 8824
4843 8034 4843 8034
4844 7656 4844 7656
4845 3857 4845 3857
4847 3341 4847 3341
4848 9404 4848 9404
4855 3504 4855 3504
4857 4982 4857 4982
4859 978 4859 978
4860 3249 4860 3249
4860 6709 4860 6709
4862 9192 4862 9192
4865 1511 4865 1511
4867 7228 4867 7228
4868 1589 4868 1589
4869 8578 4869 8578
4871 4851 4871 4851
4872 3713 4872 3713
4873 3212 4873 3212
4873 3875 4873 3875
4875 4444 4875 4444
4875 9356 4875 9356
4876 4791 4876 4791
4881 9439 4881 9439
4882 5643 4882 5643
4883 4513 4883 4513
4891 4125 4891 4125
4894 5982 4894 5982
4896 3052 4896 3052
4896 3352 4896 3352
4900 4100 4900 4100
4901 393 4901 393
4901 7637 4901 7637
4902 4754 4902 4754
4902 5068 4902 5068
4903 6356 4903 6356
4903 7523 4903 7523
4908 9108 4908 9108
4909 732 4909 732
4911 2737 4911 2737
4913 64 4913 64
4913 5697 4913 5697
4913 8972 4913 8972
4914 741 4914 741
4914 4716 4914 4716
4918 6230 4918 6230
4919 642 4919 642
4923 3348 4923 3348
4924 291 4924 291
4924 5827 4924 5827
4925 927 4925 927
4927 948 4927 948
4927 2169 4927 2169
4928 6026 4928 6026
4930 5532 4930 5532
4932 9003 4932 9003
4932 9178 4932 9178
4934 7127 4934 7127
4938 1995 4938 1995
4938 9356 4938 9356
4941 8912 4941 8912
4941 9998 4941 9998
4942 6863 4942 6863
4943 9841 4943 9841
4945 2265 4945 2265
4946 2043 4946 2043
4946 4076 4946 4076
4948 5833 4948 5833
4949 9776 4949 9776
4955 6701 4955 6701
4961 7510 4961 7510
4962 7091 4962 7091
4963 1313 4963 1313
4964 6390 4964 6390
4966 4137 4966 4137
4971 7861 4971 7861
4978 5450 4978 5450
4981 129 4981 129
4981 730 4981 730
4981 3667 4981 3667
4981 4202 4981 4202
4981 9609 4981 9609
4983 2085 4983 2085
4984 580 4984 580
4985 4647 4985 4647
4987 600 4987 600
4990 4947 4990 4947
4993 6273 4993 6273
4994 1944 4994 1944
4999 9913 4999 9913
5000 9113 5000 9113
5005 4944 5005 4944
5005 6640 5005 6640
5007 1869 5007 1869
5007 3484 5007 3484
5008 27 5008 27
5009 2450 5009 2450
5010 3313 5010 3313
5011 6145 5011 6145
5015 7625 5015 7625
5023 7527 5023 7527
5023 8604 5023 8604
5025 498 5025 498
5026 5501 5026 5501
5026 6483 5026 6483
5027 4758 5027 4758
5029 6951 5029 6951
5031 742 5031 742
5035 471 5035 471
5039 3469 5039 3469
5042 3034 5042 3034
5046 1825 5046 1825
5047 4814 5047 4814
5049 7601 5049 7601
5051 4284 5051 4284
5051 4669 5051 4669
5054 1845 5054 1845
5054 8662 5054 8662
5055 1563 5055 1563
5057 1120 5057 1120
5058 6512 5058 6512
5060 124 5060 124
5060 834 5060 834
5064 2510 5064 2510
5064 5866 5064 5866
5067 4600 5067 4600
5073 887 5073 887
5073 8093 5073 8093
5076 4792 5076 4792
5078 2104 5078 2104
5079 3262 5079 3262
5081 6381 5081 6381
5083 1879 5083 1879
5083 4118 5083 4118
5083 4601 5083 4601
5088 9352 5088 9352
5090 1281 5090 1281
5096 5039 5096 5039
5098 6242 5098 6242
5098 6931 5098 6931
5098 9535 5098 9535
5104 988 5104 988
5104 4798 5104 4798
5105 904 5105 904
5106 7075 5106 7075
5116 4992 5116 4992
5116 8659 5116 8659
5122 4653 5122 4653
5124 6123 5124 6123
5126 7924 5126 7924
5127 8495 5127 8495
5129 2475 5129 2475
5130 8797 5130 8797
5134 3600 5134 3600
5137 2288 5137 2288
5140 7505 5140 7505
5144 6784 5144 6784
5145 9405 5145 9405
5146 2005 5146 2005
5148 8211 5148 8211
5149 3595 5149 3595
5152 1060 5152 1060
5154 89 5154 89
5155 9347 5155 9347
5156 242 5156 242
5157 4617 5157 4617
5157 7662 5157 7662
5160 2327 5160 2327
5160 9600 5160 9600
5164 8223 5164 8223
5172 9352 5172 9352
5173 7619 5173 7619
5174 9016 5174 9016
5174 9361 5174 9361
5175 1452 5175 1452
5176 5097 5176 5097
5179 7067 5179 7067
5181 3539 5181 3539
5181 6773 5181 6773
5184 6543 5184 6543
5186 6089 5186 6089
5186 8814 5186 8814
5188 8448 5188 8448
5194 5914 5194 5914
5197 2714 5197 2714
5198 270 5198 270
5201 373 5201 373
5201 9942 5201 9942
5204 9426 5204 9426
5207 1163 5207 1163
5207 4253 5207 4253
5213 3037 5213 3037
5217 2488 5217 2488
5217 6899 5217 6899
5218 4423 5218 4423
5221 3946 5221 3946
5223 5076 5223 5076
5228 1177 5228 1177
5228 6166 5228 6166
5230 7861 5230 7861
5232 9193 5232 9193
5240 5659 5240 5659
5241 4075 5241 4075
5244 722 5244 722
5247 5246 5247 5246
5248 7471 5248 7471
5251 5921 5251 5921
5251 8184 5251 8184
5254 6093 5254 6093
5256 7042 5256 7042
5257 1248 5257 1248
5262 3558 5262 3558
5264 1336 5264 1336
5264 3998 5264 3998
5270 3956 5270 3956
5273 4932 5273 4932
5275 6339 5275 6339
5278 6655 5278 6655
5280 9496 5280 9496
5281 8794 5281 8794
5288 1777 5288 1777
5296 9005 5296 9005
5298 4903 5298 4903
5303 2332 5303 2332
5303 7608 5303 7608
5304 4595 5304 4595
5304 9933 5304 9933
5308 1012 5308 1012
5311 8089 5311 8089
5312 2370 5312 2370
5312 2958 5312 2958
5313 7348 5313 7348
5316 268 5316 268
5316 9955 5316 9955
5317 6705 5317 6705
5319 1996 5319 1996
5319 9410 5319 9410
5321 8712 5321 8712
5322 167 5322 167
5322 2652 5322 2652
5325 372 5325 372
5325 6886 5325 6886
5326 8231 5326 8231
5327 3352 5327 3352
5327 4704 5327 4704
5330 469 5330 469
5330 6365 5330 6365
5332 45 5332 45
5335 1140 5335 1140
5336 490 5336 490
5336 1442 5336 1442
5341 5923 5341 5923
5341 7935 5341 7935
5342 9729 5342 9729
5346 7386 5346 7386
5347 8606 5347 8606
5348 4829 5348 4829
5348 6465 5348 6465
5352 5110 5352 5110
5353 5468 5353 5468
5355 3063 5355 3063
5361 2724 5361 2724
5361 9115 5361 9115
5365 3469 5365 3469
5368 7342 5368 7342
5368 9616 5368 9616
5369 4661 5369 4661
5369 9078 5369 9078
5373 500 5373 500
5375 3261 5375 3261
5376 9417 5376 9417
5378 6051 5378 6051
5380 5075 5380 5075
5380 7312 5380 7312
5386 2544 5386 2544
5387 549 5387 549
5387 5608 5387 5608
5387 8304 5387 8304
5389 9347 5389 9347
5392 2669 5392 2669
5395 9050 5395 9050
5396 2959 5396 2959
5397 9738 5397 9738
5398 5742 5398 5742
5398 7361 5398 7361
5401 4490 5401 4490
5401 7830 5401 7830
5410 2805 5410 2805
5410 4735 5410 4735
5410 7777 5410 7777
5412 381 5412 381
5412 2736 5412 2736
5413 3803 5413 3803
5413 4667 5413 4667
5418 2190 5418 2190
5421 380 5421 380
5426 8180 5426 8180
5428 4399 5428 4399
5436 4007 5436 4007
5441 1697 5441 1697
5441 1780 5441 1780
5444 3037 5444 3037
5445 4910 5445 4910
5446 3005 5446 3005
5452 9638 5452 9638
5453 306 5453 306
5453 9818 5453 9818
5455 4268 5455 4268
5456 3233 5456 3233
5459 3590 5459 3590
5460 8458 5460 8458
5465 8970 5465 8970
5468 1677 5468 1677
5468 5230 5468 5230
5471 2090 5471 2090
5471 3545 5471 3545
5472 8948 5472 8948
5473 7001 5473 7001
5474 1755 5474 1755
5474 6510 5474 6510
5474 7265 5474 7265
5478 7161 5478 7161
5482 1745 5482 1745
5482 7861 5482 7861
5483 4326 5483 4326
5489 5276 5489 5276
5492 6882 5492 6882
5492 9681 5492 9681
5495 8665 5495 8665
5495 9194 5495 9194
5501 6275 5501 6275
5505 5165 5505 5165
5505 6120 5505 6120
5507 6575 5507 6575
5507 7997 5507 7997
5509 596 5509 596
5511 7749 5511 7749
5512 9283 5512 9283
5517 3035 5517 3035
5518 6547 5518 6547
5519 6491 5519 6491
5521 6412 5521 6412
5522 8167 5522 8167
5523 4098 5523 4098
5524 2960 5524 2960
5525 3349 5525 3349
5528 4459 5528 4459
5528 5957 5528 5957
5529 2572 5529 2572
5530 5677 5530 5677
5531 3538 5531 3538
5532 1958 5532 1958
5537 1263 5537 1263
5538 9632 5538 9632
5543 5829 5543 5829
5544 5552 5544 5552
5544 9931 5544 9931
5546 5457 5546 5457
5549 2411 5549 2411
5550 4165 5550 4165
5553 1283 5553 1283
5553 8530 5553 8530
5554 6454 5554 6454
5555 3220 5555 3220
5561 1402 5561 1402
5561 4747 5561 4747
5562 6891 5562 6891
5563 1119 5563 1119
5566 9411 5566 9411
5569 1865 5569 1865
5570 9799 5570 9799
5573 8662 5573 8662
5575 8100 5575 8100
5575 9497 5575 9497
5576 9409 5576 9409
5577 7525 5577 7525
5578 3024 5578 3024
5579 9502 5579 9502
5581 116 5581 116
5581 7926 5581 7926
5582 9923 5582 9923
5587 6681 5587 6681
5593 1432 5593 1432
5604 1788 5604 1788
5606 8723 5606 8723
5607 2608 5607 2608
5607 9216 5607 9216
5609 3924 5609 3924
5609 4135 5609 4135
5609 4203 5609 4203
5612 2646 5612 2646
5612 6397 5612 6397
5617 2640 5617 2640
5617 9640 5617 9640
5618 4121 5618 4121
5623 6890 5623 6890
5625 6758 5625 6758
5625 7391 5625 7391
5627 5924 5627 5924
5630 9513 5630 9513
5632 8467 5632 8467
5639 7174 5639 7174
5640 4574 5640 4574
5641 9647 5641 9647
5643 3481 5643 3481
5647 56 5647 56
5649 8927 5649 8927
5650 2873 5650 2873
5652 9651 5652 9651
5653 2520 5653 2520
5656 3996 5656 3996
5658 5839 5658 5839
5662 1277 5662 1277
5662 8468 5662 8468
5663 6550 5663 6550
5666 9167 5666 9167
5672 3866 5672 3866
5678 3793 5678 3793
5679 3353 5679 3353
5679 8792 5679 8792
5683 1064 5683 1064
5686 2986 5686 2986
5689 7391 5689 7391
5697 4097 5697 4097
5697 7979 5697 7979
5697 8914 5697 8914
5702 1638 5702 1638
5706 7831 5706 7831
5711 2836 5711 2836
5711 4731 5711 4731
5713 1338 5713 1338
5713 1684 5713 1684
5714 1805 5714 1805
5714 5682 5714 5682
5714 7736 5714 7736
5716 7114 5716 7114
5717 5118 5717 5118
5719 3997 5719 3997
5721 8318 5721 8318
5723 3978 5723 3978
5727 9242 5727 9242
5729 4807 5729 4807
5733 1074 5733 1074
5734 4224 5734 4224
5736 919 5736 919
5736 3531 5736 3531
5742 2007 5742 2007
5746 8799 5746 8799
5749 7905 5749 7905
5753 7477 5753 7477
5754 3736 5754 3736
5755 2828 5755 2828
5755 2922 5755 2922
5758 8338 5758 8338
5761 2062 5761 2062
5762 1018 5762 1018
5762 8034 5762 8034
5767 921 5767 921
5767 9822 5767 9822
5767 9929 5767 9929
5768 3871 5768 3871
5768 6822 5768 6822
5770 4989 5770 4989
5775 958 5775 958
5775 9979 5775 9979
5780 97 5780 97
5780 5708 5780 5708
5786 166 5786 166
5786 7386 5786 7386
5787 634 5787 634
5787 8233 5787 8233
5789 1144 5789 1144
5789 7001 5789 7001
5791 8083 5791 8083
5791 8934 5791 8934
5792 4833 5792 4833
5793 8973 5793 8973
5795 1188 5795 1188
5795 3932 5795 3932
5795 4737 5795 4737
5798 9470 5798 9470
5801 9013 5801 9013
5803 7454 5803 7454
5804 7046 5804 7046
5806 274 5806 274
5815 9893 5815 9893
5816 9464 5816 9464
5817 1398 5817 1398
5817 2970 5817 2970
5821 8813 5821 8813
5828 4553 5828 4553
5828 6125 5828 6125
5828 9729 5828 9729
5833 4651 5833 4651
5833 9182 5833 9182
5835 5500 5835 5500
5838 5932 5838 5932
5842 1164 5842 1164
5844 2737 5844 2737
5844 3915 5844 3915
5849 4335 5849 4335
5850 54 5850 54
5850 1921 5850 1921
5853 3204 5853 3204
5855 804 5855 804
5856 1033 5856 1033
5856 2136 5856 2136
5859 6390 5859 6390
5862 745 5862 745
5862 8464 5862 8464
5863 1863 5863 1863
5865 6975 5865 6975
5866 9441 5866 9441
5867 5162 5867 5162
5870 8506 5870 8506
5870 9473 5870 9473
5875 9324 5875 9324
5876 4460 5876 4460
5876 8781 5876 8781
5879 1701 5879 1701
5879 4699 5879 4699
5881 5374 5881 5374
5882 4340 5882 4340
5882 4650 5882 4650
5886 669 5886 669
5886 8669 5886 8669
5888 7229 5888 7229
5889 6831 5889 6831
5890 3442 5890 3442
5899 6766 5899 6766
5903 2710 5903 2710
5903 6105 5903 6105
5905 5890 5905 5890
5905 7044 5905 7044
5909 1893 5909 1893
5910 6057 5910 6057
5915 9024 5915 9024
5916 5463 5916 5463
5916 9840 5916 9840
5918 4070 5918 4070
5918 6756 5918 6756
5920 8553 5920 8553
5921 1899 5921 1899
5921 6042 5921 6042
5922 4655 5922 4655
5924 2928 5924 2928
5924 3416 5924 3416
5926 3390 5926 3390
5926 6990 5926 6990
5929 7437 5929 7437
5931 2897 5931 2897
5931 9019 5931 9019
5934 3441 5934 3441
5937 66 5937 66
5938 162 5938 162
5938 720 5938 720
5938 9739 5938 9739
5939 905 5939 905
5939 1522 5939 1522
5939 2740 5939 2740
5941 4252 5941 4252
5942 7580 5942 7580
5944 6751 5944 6751
5947 4796 5947 4796
5948 4689 5948 4689
5950 7311 5950 7311
5953 1275 5953 1275
5954 9816 5954 9816
5955 1911 5955 1911
5958 6120 5958 6120
5958 6125 5958 6125
5960 5604 5960 5604
5961 6393 5961 6393
5961 6429 5961 6429
5962 670 5962 670
5965 8375 5965 8375
5967 3485 5967 3485
5971 507 5971 507
5975 1699 5975 1699
5986 4037 5986 4037
5988 4151 5988 4151
5988 5806 5988 5806
5990 7940 5990 7940
5990 9701 5990 9701
5992 849 5992 849
5994 4556 5994 4556
5997 3272 5997 3272
5998 5598 5998 5598
5999 2501 5999 2501
5999 3571 5999 3571
5999 6602 5999 6602
6000 8499 6000 8499
6001 402 6001 402
6004 2991 6004 2991
6005 9711 6005 9711
6008 2044 6008 2044
6008 9954 6008 9954
6014 252 6014 252
6015 1720 6015 1720
6015 7554 6015 7554
6017 7827 6017 7827
6024 8480 6024 8480
6025 5436 6025 5436
6029 27 6029 27
6029 5228 6029 5228
6030 7944 6030 7944
6032 9007 6032 9007
6033 6630 6033 6630
6034 2407 6034 2407
6036 2662 6036 2662
6037 3292 6037 3292
6038 1797 6038 1797
6038 9294 6038 9294
6046 6664 6046 6664
6049 1179 6049 1179
6053 7178 6053 7178
6055 5309 6055 5309
6055 5706 6055 5706
6056 9055 6056 9055
6057 6160 6057 6160
6066 7734 6066 7734
6067 9438 6067 9438
6070 1034 6070 1034
6071 3780 6071 3780
6071 6669 6071 6669
6075 7640 6075 7640
6075 8183 6075 8183
6083 9834 6083 9834
6085 588 6085 588
6087 3892 6087 3892
6087 4152 6087 4152
6088 7054 6088 7054
6090 6549 6090 6549
6093 5806 6093 5806
6095 4429 6095 4429
6100 5463 6100 5463
6102 3512 6102 3512
6105 2470 6105 2470
6105 4193 6105 4193
6106 6052 6106 6052
6106 7783 6106 7783
6108 7952 6108 7952
6109 7088 6109 7088
6110 9265 6110 9265
6115 9590 6115 9590
6117 7692 6117 7692
6122 710 6122 710
6122 7037 6122 7037
6123 122 6123 122
6123 4967 6123 4967
6123 6061 6123 6061
6123 7797 6123 7797
6124 3477 6124 3477
6127 968 6127 968
6127 5077 6127 5077
6128 6929 6128 6929
6128 7451 6128 7451
6132 2571 6132 2571
6137 1261 6137 1261
6139 8138 6139 8138
6141 3283 6141 3283
6144 5691 6144 5691
6145 4893 6145 4893
6148 7129 6148 7129
6150 7157 6150 7157
6150 7787 6150 7787
6151 3961 6151 3961
6153 6378 6153 6378
6156 4918 6156 4918
6164 1934 6164 1934
6164 2934 6164 2934
6165 2404 6165 2404
6165 6067 6165 6067
6167 6733 6167 6733
6169 5990 6169 5990
6171 2273 6171 2273
6173 2427 6173 2427
6174 8332 6174 8332
6175 6990 6175 6990
6176 710 6176 710
6178 85 6178 85
6178 3062 6178 3062
6178 8948 6178 8948
6181 6221 6181 6221
6187 3124 6187 3124
6190 1405 6190 1405
6190 5606 6190 5606
6197 9514 6197 9514
6204 2415 6204 2415
6204 4754 6204 4754
6206 2056 6206 2056
6207 9544 6207 9544
6211 1293 6211 1293
6211 3745 6211 3745
6214 2355 6214 2355
6214 5065 6214 5065
6217 5899 6217 5899
6219 3903 6219 3903
6220 2927 6220 2927
6220 8066 6220 8066
6224 5676 6224 5676
6225 7985 6225 7985
6228 329 6228 329
6229 967 6229 967
6235 7048 6235 7048
6237 388 6237 388
6239 883 6239 883
6239 2839 6239 2839
6239 9655 6239 9655
6240 817 6240 817
6240 7783 6240 7783
6243 3996 6243 3996
6245 942 6245 942
6246 6937 6246 6937
6253 3091 6253 3091
6254 2404 6254 2404
6254 6666 6254 6666
6255 3927 6255 3927
6256 1283 6256 1283
6258 8722 6258 8722
6261 5314 6261 5314
6262 6716 6262 6716
6262 7878 6262 7878
6267 4714 6267 4714
6273 6734 6273 6734
6281 757 6281 757
6284 176 6284 176
6285 1842 6285 1842
6285 4347 6285 4347
6286 241 6286 241
6286 2481 6286 2481
6289 1906 6289 1906
6289 7523 6289 7523
6294 9004 6294 9004
6297 2939 6297 2939
6297 7979 6297 7979
6298 6261 6298 6261
6299 1102 6299 1102
6301 7262 6301 7262
6305 6884 6305 6884
6309 3543 6309 3543
6309 5938 6309 5938
6311 6224 6311 6224
6322 1306 6322 1306
6323 7607 6323 7607
6324 6826 6324 6826
6326 3148 6326 3148
6330 479 6330 479
6330 6807 6330 6807
6334 8612 6334 8612
6336 3893 6336 3893
6337 8103 6337 8103
6340 762 6340 762
6343 2998 6343 2998
6345 7186 6345 7186
6349 259 6349 259
6350 5940 6350 5940
6352 92 6352 92
6353 1901 6353 1901
6355 8816 6355 8816
6356 8014 6356 8014
6358 8753 6358 8753
6360 7211 6360 7211
6360 8412 6360 8412
6361 374 6361 374
6361 7837 6361 7837
6362 1391 6362 1391
6365 9035 6365 9035
6369 1168 6369 1168
6372 3238 6372 3238
6374 1065 6374 1065
6376 6877 6376 6877
6379 9784 6379 9784
6383 187 6383 187
6385 9241 6385 9241
6386 8082 6386 8082
6389 7074 6389 7074
6391 8542 6391 8542
6392 3861 6392 3861
6396 6539 6396 6539
6401 3796 6401 3796
6401 7893 6401 7893
6404 6130 6404 6130
6412 2368 6412 2368
6412 4649 6412 4649
6413 3803 6413 3803
6415 1599 6415 1599
6415 3317 6415 3317
6416 3622 6416 3622
6416 6470 6416 6470
6417 2179 6417 2179
6419 13 6419 13
6419 3938 6419 3938
6426 7983 6426 7983
6428 1552 6428 1552
6429 2052 6429 2052
6429 5020 6429 5020
6430 9069 6430 9069
6433 1567 6433 1567
6433 8981 6433 8981
6435 2311 6435 2311
6438 942 6438 942
6439 6561 6439 6561
6440 3222 6440 3222
6441 1069 6441 1069
6441 3350 6441 3350
6441 8289 6441 8289
6442 1256 6442 1256
6444 2303 6444 2303
6448 1217 6448 1217
6450 6170 6450 6170
6450 9004 6450 9004
6452 4695 6452 4695
6455 4343 6455 4343
6455 7729 6455 7729
6459 2611 6459 2611
6460 2455 6460 2455
6460 3144 6460 3144
6462 1696 6462 1696
6463 3801 6463 3801
6463 8428 6463 8428
6465 265 6465 265
6465 5984 6465 5984
6479 1036 6479 1036
6480 4094 6480 4094
6482 1237 6482 1237
6482 5190 6482 5190
6483 1371 6483 1371
6484 1860 6484 1860
6486 173 6486 173
6493 625 6493 625
6495 2045 6495 2045
6495 5834 6495 5834
6496 7112 6496 7112
6497 1310 6497 1310
6497 9196 6497 9196
6499 2399 6499 2399
6500 7390 6500 7390
6500 8237 6500 8237
6503 8547 6503 8547
6504 8207 6504 8207
6506 864 6506 864
6507 1822 6507 1822
6507 4494 6507 4494
6508 8932 6508 8932
6512 346 6512 346
6519 2933 6519 2933
6521 8155 6521 8155
6521 8687 6521 8687
6523 2983 6523 2983
6524 7425 6524 7425
6525 1960 6525 1960
6527 1733 6527 1733
6528 5094 6528 5094
6529 2393 6529 2393
6531 470 6531 470
6535 7166 6535 7166
6535 7397 6535 7397
6535 9618 6535 9618
6537 1472 6537 1472
6538 5964 6538 5964
6542 2788 6542 2788
6546 3653 6546 3653
6547 637 6547 637
6547 2115 6547 2115
6551 6539 6551 6539
6556 917 6556 917
6557 587 6557 587
6560 4762 6560 4762
6564 827 6564 827
6565 5133 6565 5133
6565 9131 6565 9131
6565 9920 6565 9920
6567 970 6567 970
6574 3417 6574 3417
6576 2489 6576 2489
6579 3901 6579 3901
6585 6951 6585 6951
6588 700 6588 700
6588 9088 6588 9088
6591 6843 6591 6843
6593 6518 6593 6518
6596 6699 6596 6699
6598 5375 6598 5375
6600 1139 6600 1139
6601 1412 6601 1412
6603 8632 6603 8632
6604 2986 6604 2986
6605 389 6605 389
6605 7260 6605 7260
6605 8079 6605 8079
6606 250 6606 250
6611 8199 6611 8199
6614 5196 6614 5196
6615 2578 6615 2578
6615 5106 6615 5106
6615 6812 6615 6812
6617 665 6617 665
6617 975 6617 975
6617 2860 6617 2860
6620 81 6620 81
6620 8118 6620 8118
6622 5924 6622 5924
6622 7259 6622 7259
6624 5676 6624 5676
6626 8392 6626 8392
6627 6440 6627 6440
6628 1196 6628 1196
6628 6014 6628 6014
6632 2895 6632 2895
6632 6096 6632 6096
6637 2717 6637 2717
6640 8358 6640 8358
6641 1395 6641 1395
6641 8174 6641 8174
6643 6661 6643 6661
6650 7797 6650 7797
6652 2833 6652 2833
6654 3976 6654 3976
6656 5891 6656 5891
6657 803 6657 803
6657 4336 6657 4336
6660 1481 6660 1481
6661 9823 6661 9823
6667 9870 6667 9870
6668 6507 6668 6507
6672 4616 6672 4616
6674 4249 6674 4249
6674 4306 6674 4306
6674 8323 6674 8323
6676 9324 6676 9324
6679 4896 6679 4896
6680 1934 6680 1934
6684 2289 6684 2289
6685 4943 6685 4943
6686 1453 6686 1453
6689 1503 6689 1503
6691 3925 6691 3925
6695 2926 6695 2926
6696 427 6696 427
6698 5213 6698 5213
6698 9054 6698 9054
6700 791 6700 791
6700 3582 6700 3582
6707 6357 6707 6357
6709 4867 6709 4867
6711 8469 6711 8469
6713 8551 6713 8551
6714 5761 6714 5761
6716 2514 6716 2514
6719 5510 6719 5510
6721 7840 6721 7840
6722 7 6722 7
6722 9889 6722 9889
6730 7820 6730 7820
6732 217 6732 217
6735 9665 6735 9665
6737 6876 6737 6876
6742 6878 6742 6878
6748 5258 6748 5258
6749 1219 6749 1219
6749 1292 6749 1292
6754 420 6754 420
6754 8440 6754 8440
6756 3251 6756 3251
6758 287 6758 287
6760 4264 6760 4264
6761 5565 6761 5565
6762 4776 6762 4776
6765 2629 6765 2629
6766 194 6766 194
6770 6860 6770 6860
6771 7874 6771 7874
6773 1570 6773 1570
6773 5212 6773 5212
6776 154 6776 154
6783 7740 6783 7740
6784 6657 6784 6657
6788 4541 6788 4541
6788 6720 6788 6720
6789 3795 6789 3795
6791 5159 6791 5159
6796 3503 6796 3503
6797 949 6797 949
6797 2243 6797 2243
6797 4641 6797 4641
6797 7207 6797 7207
6798 8709 6798 8709
6799 2512 6799 2512
6800 8726 6800 8726
6801 6953 6801 6953
6804 9410 6804 9410
6807 8130 6807 8130
6808 9011 6808 9011
6813 989 6813 989
6813 5917 6813 5917
6814 6650 6814 6650
6816 9645 6816 9645
6819 9572 6819 9572
6822 3492 6822 3492
6823 8252 6823 8252
6827 2946 6827 2946
6828 2226 6828 2226
6828 3963 6828 3963
6835 8965 6835 8965
6839 4406 6839 4406
6842 1807 6842 1807
6842 5055 6842 5055
6842 6910 6842 6910
6843 516 6843 516
6846 8556 6846 8556
6848 2077 6848 2077
6849 5790 6849 5790
6849 7008 6849 7008
6852 2024 6852 2024
6862 6507 6862 6507
6863 1178 6863 1178
6870 4988 6870 4988
6880 911 6880 911
6883 5606 6883 5606
6886 233 6886 233
6886 378 6886 378
6886 3622 6886 3622
6888 21 6888 21
6890 1803 6890 1803
6890 4959 6890 4959
6895 4315 6895 4315
6895 6486 6895 6486
6898 4604 6898 4604
6898 8675 6898 8675
6901 2252 6901 2252
6901 5020 6901 5020
6903 1113 6903 1113
6904 4991 6904 4991
6905 5451 6905 5451
6907 4683 6907 4683
6907 6176 6907 6176
6911 3474 6911 3474
6912 3735 6912 3735
6912 8242 6912 8242
6916 221 6916 221
6916 4274 6916 4274
6917 9798 6917 9798
6920 8648 6920 8648
6926 362 6926 362
6926 9273 6926 9273
6927 2173 6927 2173
6928 2321 6928 2321
6930 9449 6930 9449
6931 9632 6931 9632
6935 2047 6935 2047
6935 3038 6935 3038
6936 7965 6936 7965
6937 8049 6937 8049
6938 203 6938 203
6939 4050 6939 4050
6939 5614 6939 5614
6942 6981 6942 6981
6945 1063 6945 1063
6946 166 6946 166
6948 2204 6948 2204
6949 3388 6949 3388
6949 5178 6949 5178
6951 5532 6951 5532
6954 8657 6954 8657
6956 8302 6956 8302
6957 457 6957 457
6957 1249 6957 1249
6960 3289 6960 3289
6960 7226 6960 7226
6961 2451 6961 2451
6961 4253 6961 4253
6963 5568 6963 5568
6965 4156 6965 4156
6971 9379 6971 9379
6973 2963 6973 2963
6974 458 6974 458
6974 1338 6974 1338
6975 9018 6975 9018
6976 3087 6976 3087
6976 5280 6976 5280
6977 7988 6977 7988
6980 774 6980 774
6982 646 6982 646
6982 1685 6982 1685
6988 6629 6988 6629
6989 4254 6989 4254
6995 1376 6995 1376
6999 8295 6999 8295
7000 2344 7000 2344
7000 4796 7000 4796
7001 6401 7001 6401
7002 7260 7002 7260
7006 6617 7006 6617
7007 9125 7007 9125
7008 7633 7008 7633
7008 9311 7008 9311
7010 9526 7010 9526
7012 5348 7012 5348
7016 5880 7016 5880
7017 9751 7017 9751
7018 4156 7018 4156
7019 3230 7019 3230
7020 9295 7020 9295
7023 7402 7023 7402
7024 1410 7024 1410
7024 8537 7024 8537
7032 994 7032 994
7032 6905 7032 6905
7032 9586 7032 9586
7034 2044 7034 2044
7034 9108 7034 9108
7035 4255 7035 4255
7039 7494 7039 7494
7040 4128 7040 4128
7042 9848 7042 9848
7043 2182 7043 2182
7044 4036 7044 4036
7045 6556 7045 6556
7047 8586 7047 8586
7048 516 7048 516
7050 1778 7050 1778
7055 5039 7055 5039
7057 111 7057 111
7058 4708 7058 4708
7061 2815 7061 2815
7063 6224 7063 6224
7063 8212 7063 8212
7067 6080 7067 6080
7070 5795 7070 5795
7074 7447 7074 7447
7077 7290 7077 7290
7082 9673 7082 9673
7083 1294 7083 1294
7084 3343 7084 3343
7085 4407 7085 4407
7086 5551 7086 5551
7093 2916 7093 2916
7097 5374 7097 5374
7101 7716 7101 7716
7106 6583 7106 6583
7112 502 7112 502
7112 2522 7112 2522
7112 6716 7112 6716
7112 9585 7112 9585
7114 4975 7114 4975
7116 9598 7116 9598
7117 4285 7117 4285
7119 3716 7119 3716
7119 5745 7119 5745
7119 7831 7119 7831
7120 2917 7120 2917
7121 4894 7121 4894
7121 5310 7121 5310
7123 1705 7123 1705
7124 8003 7124 8003
7125 3211 7125 3211
7126 8534 7126 8534
7128 7019 7128 7019
7131 36 7131 36
7131 2914 7131 2914
7132 9085 7132 9085
7133 6334 7133 6334
7136 3749 7136 3749
7137 525 7137 525
7138 2865 7138 2865
7139 2015 7139 2015
7139 7896 7139 7896
7141 943 7141 943
7142 4955 7142 4955
7143 3082 7143 3082
7143 8603 7143 8603
7144 1551 7144 1551
7147 6528 7147 6528
7147 7930 7147 7930
7147 8270 7147 8270
7148 9186 7148 9186
7153 6897 7153 6897
7156 4367 7156 4367
7157 360 7157 360
7157 7344 7157 7344
7158 709 7158 709
7158 7891 7158 7891
7163 1425 7163 1425
7163 7618 7163 7618
7164 711 7164 711
7165 4426 7165 4426
7170 719 7170 719
7171 986 7171 986
7171 4594 7171 4594
7173 477 7173 477
7175 969 7175 969
7175 8478 7175 8478
7177 6447 7177 6447
7179 61 7179 61
7179 6371 7179 6371
7179 8326 7179 8326
7180 2609 7180 2609
7187 6195 7187 6195
7191 8012 7191 8012
7196 4998 7196 4998
7198 8981 7198 8981
7199 8486 7199 8486
7201 3202 7201 3202
7203 2453 7203 2453
7207 3856 7207 3856
7207 4462 7207 4462
7211 6739 7211 6739
7211 9436 7211 9436
7219 3168 7219 3168
7219 4176 7219 4176
7222 1099 7222 1099
7226 5220 7226 5220
7228 3527 7228 3527
7229 4403 7229 4403
7231 1683 7231 1683
7236 6661 7236 6661
7237 5737 7237 5737
7238 7845 7238 7845
7241 4024 7241 4024
7241 9407 7241 9407
7246 2335 7246 2335
7247 5242 7247 5242
7248 7535 7248 7535
7251 6300 7251 6300
7252 4753 7252 4753
7254 3841 7254 3841
7255 5219 7255 5219
7265 1727 7265 1727
7272 1921 7272 1921
7272 3051 7272 3051
7272 8122 7272 8122
7274 1333 7274 1333
7274 5681 7274 5681
7274 6856 7274 6856
7276 9960 7276 9960
7279 3712 7279 3712
7279 5714 7279 5714
7280 5564 7280 5564
7281 5095 7281 5095
7282 7348 7282 7348
7283 8962 7283 8962
7283 9418 7283 9418
7286 1948 7286 1948
7286 2197 7286 2197
7286 5630 7286 5630
7290 3700 7290 3700
7297 9616 7297 9616
7300 9931 7300 9931
7302 3235 7302 3235
7302 5117 7302 5117
7303 1906 7303 1906
7305 5006 7305 5006
7306 307 7306 307
7306 4775 7306 4775
7311 5023 7311 5023
7314 1584 7314 1584
7316 1565 7316 1565
7316 5846 7316 5846
7318 9272 7318 9272
7326 4418 7326 4418
7327 2432 7327 2432
7330 786 7330 786
7333 1055 7333 1055
7333 9380 7333 9380
7335 3805 7335 3805
7335 9148 7335 9148
7336 4890 7336 4890
7337 5942 7337 5942
7341 1501 7341 1501
7341 2810 7341 2810
7348 9090 7348 9090
7349 3578 7349 3578
7351 8362 7351 8362
7352 2230 7352 2230
7359 958 7359 958
7360 2623 7360 2623
7372 8876 7372 8876
7373 9958 7373 9958
7379 7075 7379 7075
7380 9308 7380 9308
7381 4787 7381 4787
7382 3725 7382 3725
7386 6013 7386 6013
7386 6125 7386 6125
7386 9357 7386 9357
7387 7404 7387 7404
7390 9416 7390 9416
7391 3457 7391 3457
7391 7184 7391 7184
7392 2916 7392 2916
7394 3323 7394 3323
7394 7180 7394 7180
7396 354 7396 354
7398 9311 7398 9311
7399 9689 7399 9689
7402 3658 7402 3658
7402 5017 7402 5017
7404 7824 7404 7824
7405 110 7405 110
7411 9294 7411 9294
7412 2885 7412 2885
7412 4030 7412 4030
7412 7086 7412 7086
7413 462 7413 462
7413 5902 7413 5902
7415 3814 7415 3814
7416 6457 7416 6457
7422 5613 7422 5613
7424 6015 7424 6015
7425 3624 7425 3624
7426 1548 7426 1548
7427 9444 7427 9444
7430 7763 7430 7763
7430 9984 7430 9984
7437 7587 7437 7587
7438 452 7438 452
7442 249 7442 249
7442 8841 7442 8841
7444 4037 7444 4037
7444 4580 7444 4580
7444 8144 7444 8144
7446 2140 7446 2140
7446 6663 7446 6663
7447 3548 7447 3548
7451 2536 7451 2536
7452 6281 7452 6281
7454 2229 7454 2229
7456 8988 7456 8988
7461 7966 7461 7966
7464 5822 7464 5822
7465 4431 7465 4431
7465 7001 7465 7001
7468 6264 7468 6264
7469 2984 7469 2984
7469 7735 7469 7735
7471 4710 7471 4710
7472 2626 7472 2626
7475 98 7475 98
7476 8727 7476 8727
7478 4785 7478 4785
7481 6223 7481 6223
7486 9723 7486 9723
7487 3990 7487 3990
7490 8312 7490 8312
7492 8627 7492 8627
7494 4993 7494 4993
7494 7800 7494 7800
7495 6854 7495 6854
7497 331 7497 331
7499 3466 7499 3466
7504 8449 7504 8449
7505 6426 7505 6426
7507 9393 7507 9393
7508 4028 7508 4028
7509 465 7509 465
7509 8463 7509 8463
7510 1028 7510 1028
7510 6050 7510 6050
7512 7889 7512 7889
7513 1229 7513 1229
7513 9919 7513 9919
7515 4705 7515 4705
7517 2760 7517 2760
7517 9750 7517 9750
7518 7408 7518 7408
7530 770 7530 770
7531 2984 7531 2984
7531 3452 7531 3452
7533 9501 7533 9501
7535 4230 7535 4230
7537 9668 7537 9668
7539 5339 7539 5339
7542 6851 7542 6851
7544 5316 7544 5316
7544 8265 7544 8265
7545 3455 7545 3455
7545 9166 7545 9166
7546 2936 7546 2936
7546 4040 7546 4040
7546 9193 7546 9193
7559 2690 7559 2690
7561 1399 7561 1399
7563 5781 7563 5781
7564 2930 7564 2930
7567 724 7567 724
7567 2503 7567 2503
7572 8821 7572 8821
7573 7625 7573 7625
7575 3694 7575 3694
7576 3653 7576 3653
7576 3956 7576 3956
7584 8751 7584 8751
7586 6415 7586 6415
7587 4052 7587 4052
7587 4489 7587 4489
7587 9141 7587 9141
7588 8557 7588 8557
7593 8357 7593 8357
7600 9890 7600 9890
7606 4526 7606 4526
7608 5650 7608 5650
7611 3304 7611 3304
7611 3583 7611 3583
7611 8877 7611 8877
7612 1877 7612 1877
7614 7804 7614 7804
7615 9395 7615 9395
7623 7053 7623 7053
7625 1359 7625 1359
7626 6935 7626 6935
7628 9266 7628 9266
7629 8019 7629 8019
7631 8142 7631 8142
7631 8395 7631 8395
7631 8645 7631 8645
7632 8791 7632 8791
7634 769 7634 769
7635 219 7635 219
7635 6974 7635 6974
7636 1470 7636 1470
7636 6119 7636 6119
7636 8352 7636 8352
7637 6720 7637 6720
7641 1858 7641 1858
7644 7978 7644 7978
7648 3843 7648 3843
7651 3897 7651 3897
7656 9574 7656 9574
7660 7577 7660 7577
7661 8512 7661 8512
7670 9901 7670 9901
7672 9966 7672 9966
7673 5898 7673 5898
7676 1548 7676 1548
7679 7753 7679 7753
7681 3957 7681 3957
7684 1418 7684 1418
7685 3640 7685 3640
7689 3035 7689 3035
7691 4004 7691 4004
7691 9836 7691 9836
7692 6517 7692 6517
7698 567 7698 567
7700 7006 7700 7006
7704 3633 7704 3633
7705 9063 7705 9063
7709 9837 7709 9837
7710 8122 7710 8122
7711 310 7711 310
7711 7767 7711 7767
7712 9131 7712 9131
7714 7945 7714 7945
7718 5346 7718 5346
7722 9455 7722 9455
7724 4278 7724 4278
7725 5696 7725 5696
7733 9277 7733 9277
7734 333 7734 333
7735 3523 7735 3523
7736 8306 7736 8306
7736 9706 7736 9706
7738 1742 7738 1742
7745 3127 7745 3127
7748 4949 7748 4949
7750 4057 7750 4057
7761 753 7761 753
7761 9165 7761 9165
7764 7430 7764 7430
7765 1580 7765 1580
7768 103 7768 103
7769 3550 7769 3550
7773 3275 7773 3275
7776 5380 7776 5380
7778 7571 7778 7571
7779 4134 7779 4134
7780 4721 7780 4721
7785 2365 7785 2365
7789 1575 7789 1575
7793 9319 7793 9319
7796 2947 7796 2947
7797 8171 7797 8171
7802 4242 7802 4242
7807 1904 7807 1904
7819 5734 7819 5734
7819 7937 7819 7937
7824 5008 7824 5008
7824 5970 7824 5970
7825 4705 7825 4705
7827 9699 7827 9699
7828 6620 7828 6620
7836 2422 7836 2422
7842 7287 7842 7287
7848 9475 7848 9475
7849 5143 7849 5143
7851 3425 7851 3425
7853 410 7853 410
7857 3459 7857 3459
7857 9568 7857 9568
7859 3406 7859 3406
7859 6724 7859 6724
7861 1714 7861 1714
7864 1081 7864 1081
7868 3383 7868 3383
7869 3834 7869 3834
7869 7719 7869 7719
7869 8354 7869 8354
7874 2965 7874 2965
7875 7503 7875 7503
7880 9513 7880 9513
7883 4058 7883 4058
7885 2249 7885 2249
7886 1269 7886 1269
7887 2774 7887 2774
7895 973 7895 973
7896 608 7896 608
7897 2591 7897 2591
7898 9988 7898 9988
7899 2091 7899 2091
7899 4601 7899 4601
7903 2520 7903 2520
7903 7630 7903 7630
7903 8928 7903 8928
7906 2141 7906 2141
7906 6258 7906 6258
7909 2399 7909 2399
7909 7794 7909 7794
7909 8789 7909 8789
7910 3005 7910 3005
7911 5985 7911 5985
7914 3051 7914 3051
7915 9810 7915 9810
7916 1829 7916 1829
7919 5227 7919 5227
7919 7138 7919 7138
7921 4743 7921 4743
7922 78 7922 78
7924 656 7924 656
7926 3782 7926 3782
7927 9246 7927 9246
7933 2711 7933 2711
7934 4025 7934 4025
7939 6819 7939 6819
7940 5292 7940 5292
7942 3361 7942 3361
7942 4937 7942 4937
7943 4639 7943 4639
7945 3223 7945 3223
7946 7875 7946 7875
7947 7844 7947 7844
7947 8287 7947 8287
7950 483 7950 483
7950 1012 7950 1012
7951 9873 7951 9873
7953 4917 7953 4917
7953 7789 7953 7789
7953 8900 7953 8900
7953 9902 7953 9902
7955 2456 7955 2456
7955 7568 7955 7568
7956 3918 7956 3918
7957 8469 7957 8469
7957 9408 7957 9408
7958 8039 7958 8039
7966 18 7966 18
7966 4890 7966 4890
7968 528 7968 528
7975 2335 7975 2335
7975 3670 7975 3670
7976 9523 7976 9523
7978 9114 7978 9114
7980 8459 7980 8459
7984 2990 7984 2990
7984 8885 7984 8885
7985 7691 7985 7691
7986 6310 7986 6310
7989 2257 7989 2257
7990 2697 7990 2697
7990 5104 7990 5104
7996 6519 7996 6519
7998 1621 7998 1621
8002 7017 8002 7017
8008 605 8008 605
8010 5797 8010 5797
8012 5885 8012 5885
8014 820 8014 820
8020 954 8020 954
8021 8472 8021 8472
8024 8603 8024 8603
8025 4058 8025 4058
8027 9430 8027 9430
8032 2886 8032 2886
8032 7704 8032 7704
8035 2963 8035 2963
8035 7283 8035 7283
8036 7118 8036 7118
8038 580 8038 580
8048 8316 8048 8316
8049 6052 8049 6052
8051 90 8051 90
8053 4723 8053 4723
8059 2132 8059 2132
8059 6870 8059 6870
8062 3693 8062 3693
8064 7590 8064 7590
8065 8632 8065 8632
8067 4961 8067 4961
8067 8117 8067 8117
8068 1813 8068 1813
8068 6910 8068 6910
8068 9202 8068 9202
8070 9106 8070 9106
8071 5214 8071 5214
8078 4063 8078 4063
8078 6892 8078 6892
8078 9703 8078 9703
8079 1149 8079 1149
8079 7604 8079 7604
8081 5754 8081 5754
8083 2849 8083 2849
8084 8683 8084 8683
8087 7604 8087 7604
8087 8804 8087 8804
8088 7115 8088 7115
8089 3053 8089 3053
8089 8109 8089 8109
8091 6325 8091 6325
8092 9995 8092 9995
8097 7987 8097 7987
8100 7624 8100 7624
8102 2477 8102 2477
8106 4513 8106 4513
8110 934 8110 934
8110 7312 8110 7312
8112 9561 8112 9561
8115 6592 8115 6592
8116 3051 8116 3051
8117 9932 8117 9932
8118 2281 8118 2281
8121 7356 8121 7356
8122 8913 8122 8913
8123 5270 8123 5270
8128 59 8128 59
8128 480 8128 480
8132 5989 8132 5989
8133 4399 8133 4399
8135 8312 8135 8312
8136 7576 8136 7576
8136 7853 8136 7853
8137 6667 8137 6667
8142 8687 8142 8687
8146 1005 8146 1005
8146 3605 8146 3605
8148 2291 8148 2291
8161 4601 8161 4601
8164 1781 8164 1781
8165 7546 8165 7546
8165 7581 8165 7581
8167 7460 8167 7460
8169 7931 8169 7931
8170 257 8170 257
8170 2056 8170 2056
8171 2655 8171 2655
8182 5086 8182 5086
8184 6775 8184 6775
8186 6451 8186 6451
8189 2479 8189 2479
8189 4117 8189 4117
8190 5554 8190 5554
8191 9019 8191 9019
8193 4038 8193 4038
8193 8990 8193 8990
8194 82 8194 82
8196 3596 8196 3596
8199 5774 8199 5774
8202 4237 8202 4237
8206 6732 8206 6732
8208 386 8208 386
8214 2658 8214 2658
8215 1027 8215 1027
8216 6838 8216 6838
8216 7294 8216 7294
8216 7723 8216 7723
8216 8975 8216 8975
8217 5064 8217 5064
8220 3307 8220 3307
8222 6294 8222 6294
8225 7495 8225 7495
8227 6628 8227 6628
8231 3471 8231 3471
8233 938 8233 938
8233 1357 8233 1357
8234 8068 8234 8068
8235 9106 8235 9106
8238 4708 8238 4708
8239 8880 8239 8880
8242 1926 8242 1926
8242 7387 8242 7387
8244 375 8244 375
8244 1568 8244 1568
8244 3320 8244 3320
8245 6116 8245 6116
8246 5001 8246 5001
8250 886 8250 886
8250 5658 8250 5658
8251 204 8251 204
8252 6578 8252 6578
8256 689 8256 689
8257 2716 8257 2716
8260 3608 8260 3608
8261 2877 8261 2877
8262 5729 8262 5729
8263 3904 8263 3904
8265 6604 8265 6604
8272 980 8272 980
8273 1886 8273 1886
8274 693 8274 693
8276 7746 8276 7746
8277 7677 8277 7677
8285 5429 8285 5429
8289 4523 8289 4523
8290 226 8290 226
8291 1349 8291 1349
8293 2765 8293 2765
8294 9494 8294 9494
8296 9652 8296 9652
8300 6788 8300 6788
8301 6375 8301 6375
8305 1886 8305 1886
8308 2974 8308 2974
8313 8942 8313 8942
8317 6466 8317 6466
8318 3351 8318 3351
8318 9321 8318 9321
8319 8398 8319 8398
8320 2893 8320 2893
8322 3322 8322 3322
8323 9138 8323 9138
8324 7530 8324 7530
8325 7879 8325 7879
8326 2329 8326 2329
8333 5945 8333 5945
8334 3971 8334 3971
8337 4427 8337 4427
8338 2317 8338 2317
8339 6960 8339 6960
8339 8007 8339 8007
8341 2689 8341 2689
8342 3241 8342 3241
8344 2570 8344 2570
8348 8121 8348 8121
8351 7268 8351 7268
8353 2684 8353 2684
8353 6530 8353 6530
8357 4573 8357 4573
8363 6452 8363 6452
8366 1537 8366 1537
8367 1995 8367 1995
8368 5122 8368 5122
8370 6208 8370 6208
8370 6863 8370 6863
8376 7809 8376 7809
8377 727 8377 727
8377 3639 8377 3639
8381 7869 8381 7869
8383 1611 8383 1611
8383 8136 8383 8136
8383 8901 8383 8901
8386 8358 8386 8358
8390 4625 8390 4625
8392 2170 8392 2170
8394 9822 8394 9822
8396 8272 8396 8272
8396 9869 8396 9869
8399 3659 8399 3659
8402 3851 8402 3851
8404 1006 8404 1006
8406 3970 8406 3970
8407 9314 8407 9314
8409 8074 8409 8074
8410 1554 8410 1554
8412 1348 8412 1348
8414 6297 8414 6297
8414 8891 8414 8891
8415 1128 8415 1128
8415 4306 8415 4306
8416 81 8416 81
8416 4841 8416 4841
8416 6795 8416 6795
8418 3218 8418 3218
8419 2765 8419 2765
8423 5708 8423 5708
8427 6101 8427 6101
8428 1904 8428 1904
8430 5680 8430 5680
8431 7608 8431 7608
8431 9386 8431 9386
8433 549 8433 549
8438 7880 8438 7880
8439 3392 8439 3392
8443 7231 8443 7231
8447 1743 8447 1743
8447 6072 8447 6072
8448 2921 8448 2921
8449 733 8449 733
8452 7911 8452 7911
8453 9281 8453 9281
8457 5590 8457 5590
8460 6406 8460 6406
8462 89 8462 89
8462 9449 8462 9449
8464 7624 8464 7624
8466 3678 8466 3678
8468 8319 8468 8319
8469 1421 8469 1421
8471 2373 8471 2373
8472 784 8472 784
8472 5308 8472 5308
8476 9992 8476 9992
8479 7127 8479 7127
8479 9393 8479 9393
8483 4254 8483 4254
8484 5196 8484 5196
8484 9416 8484 9416
8490 986 8490 986
8494 6982 8494 6982
8494 8731 8494 8731
8501 3422 8501 3422
8503 8458 8503 8458
8505 837 8505 837
8505 9285 8505 9285
8507 3507 8507 3507
8507 7426 8507 7426
8509 7589 8509 7589
8513 4639 8513 4639
8516 3129 8516 3129
8516 9066 8516 9066
8524 7004 8524 7004
8530 8565 8530 8565
8534 2369 8534 2369
8535 8992 8535 8992
8537 9454 8537 9454
8539 3870 8539 3870
8542 6424 8542 6424
8543 5619 8543 5619
8547 5132 8547 5132
8547 5156 8547 5156
8550 9396 8550 9396
8551 3079 8551 3079
8551 9609 8551 9609
8553 8847 8553 8847
8555 3010 8555 3010
8555 6347 8555 6347
8557 4982 8557 4982
8560 3657 8560 3657
8567 2572 8567 2572
8568 4049 8568 4049
8568 6189 8568 6189
8576 1101 8576 1101
8577 4514 8577 4514
8578 7230 8578 7230
8579 8226 8579 8226
8596 1221 8596 1221
8598 6785 8598 6785
8599 2784 8599 2784
8600 1775 8600 1775
8600 4016 8600 4016
8601 2595 8601 2595
8602 853 8602 853
8602 2837 8602 2837
8603 1706 8603 1706
8605 9001 8605 9001
8606 7659 8606 7659
8607 7220 8607 7220
8610 5644 8610 5644
8610 9560 8610 9560
8616 9497 8616 9497
8618 2375 8618 2375
8619 2275 8619 2275
8620 7536 8620 7536
8621 5241 8621 5241
8623 736 8623 736
8623 7932 8623 7932
8627 6163 8627 6163
8630 4296 8630 4296
8631 2231 8631 2231
8632 7899 8632 7899
8633 3165 8633 3165
8634 5316 8634 5316
8638 8480 8638 8480
8641 2271 8641 2271
8642 9991 8642 9991
8644 2705 8644 2705
8644 8466 8644 8466
8645 4518 8645 4518
8645 8060 8645 8060
8648 3988 8648 3988
8650 2913 8650 2913
8652 4559 8652 4559
8652 9471 8652 9471
8653 1655 8653 1655
8653 6254 8653 6254
8653 8204 8653 8204
8654 9905 8654 9905
8656 3370 8656 3370
8656 9852 8656 9852
8658 8999 8658 8999
8660 921 8660 921
8661 344 8661 344
8661 810 8661 810
8661 2099 8661 2099
8662 8971 8662 8971
8665 4545 8665 4545
8666 2317 8666 2317
8668 3680 8668 3680
8668 5138 8668 5138
8670 6643 8670 6643
8673 8056 8673 8056
8679 1524 8679 1524
8681 7016 8681 7016
8682 2666 8682 2666
8682 4716 8682 4716
8683 851 8683 851
8685 7485 8685 7485
8686 4472 8686 4472
8688 2631 8688 2631
8688 6434 8688 6434
8689 4929 8689 4929
8689 8731 8689 8731
8692 1774 8692 1774
8692 3299 8692 3299
8693 9334 8693 9334
8695 838 8695 838
8695 2908 8695 2908
8697 7777 8697 7777
8699 450 8699 450
8699 6383 8699 6383
8701 364 8701 364
8705 3147 8705 3147
8706 7975 8706 7975
8707 6417 8707 6417
8707 7570 8707 7570
8708 6732 8708 6732
8710 1608 8710 1608
8712 7204 8712 7204
8714 1353 8714 1353
8714 4747 8714 4747
8715 6586 8715 6586
8717 559 8717 559
8718 3746 8718 3746
8721 2624 8721 2624
8724 7876 8724 7876
8725 9033 8725 9033
8727 1241 8727 1241
8727 5449 8727 5449
8727 7317 8727 7317
8732 8945 8732 8945
8741 7838 8741 7838
8742 8672 8742 8672
8744 9242 8744 9242
8747 6626 8747 6626
8747 7456 8747 7456
8748 681 8748 681
8748 9577 8748 9577
8751 598 8751 598
8754 3058 8754 3058
8755 8175 8755 8175
8761 6707 8761 6707
8763 6533 8763 6533
8763 8285 8763 8285
8764 7002 8764 7002
8768 3830 8768 3830
8772 7868 8772 7868
8773 5752 8773 5752
8773 5929 8773 5929
8774 4582 8774 4582
8774 5963 8774 5963
8777 4347 8777 4347
8778 6537 8778 6537
8778 7529 8778 7529
8783 7809 8783 7809
8783 8918 8783 8918
8784 799 8784 799
8786 1761 8786 1761
8786 2987 8786 2987
8787 7254 8787 7254
8798 9063 8798 9063
8800 3577 8800 3577
8800 4687 8800 4687
8803 674 8803 674
8805 5735 8805 5735
8806 5008 8806 5008
8815 130 8815 130
8816 1979 8816 1979
8817 6189 8817 6189
8817 7169 8817 7169
8819 1613 8819 1613
8821 4534 8821 4534
8822 882 8822 882
8824 8103 8824 8103
8826 5968 8826 5968
8828 8612 8828 8612
8829 4388 8829 4388
8831 846 8831 846
8836 1435 8836 1435
8842 5846 8842 5846
8842 9970 8842 9970
8843 3209 8843 3209
8843 8016 8843 8016
8843 9724 8843 9724
8845 449 8845 449
8845 4502 8845 4502
8847 5171 8847 5171
8848 4329 8848 4329
8848 6753 8848 6753
8849 7103 8849 7103
8851 7409 8851 7409
8852 2387 8852 2387
8856 777 8856 777
8856 3182 8856 3182
8858 8624 8858 8624
8861 5082 8861 5082
8865 200 8865 200
8867 832 8867 832
8867 4004 8867 4004
8870 1850 8870 1850
8874 3089 8874 3089
8876 8271 8876 8271
8877 754 8877 754
8877 9259 8877 9259
8886 7889 8886 7889
8887 7124 8887 7124
8889 8767 8889 8767
8894 2753 8894 2753
8897 4946 8897 4946
8901 4065 8901 4065
8901 4869 8901 4869
8902 4453 8902 4453
8903 2676 8903 2676
8907 9462 8907 9462
8908 6136 8908 6136
8910 9523 8910 9523
8912 1080 8912 1080
8912 5759 8912 5759
8914 6225 8914 6225
8914 9445 8914 9445
8918 8937 8918 8937
8919 796 8919 796
8924 3611 8924 3611
8925 7028 8925 7028
8926 6099 8926 6099
8926 9735 8926 9735
8935 1040 8935 1040
8937 2047 8937 2047
8940 1086 8940 1086
8942 1041 8942 1041
8942 8193 8942 8193
8943 9929 8943 9929
8945 5700 8945 5700
8946 997 8946 997
8946 3466 8946 3466
8948 4069 8948 4069
8951 5781 8951 5781
8960 7088 8960 7088
8962 1607 8962 1607
8964 2169 8964 2169
8966 9336 8966 9336
8967 4267 8967 4267
8967 9691 8967 9691
8969 7173 8969 7173
8977 9016 8977 9016
8978 8324 8978 8324
8983 1174 8983 1174
8985 107 8985 107
8987 8787 8987 8787
8987 9540 8987 9540
8990 3708 8990 3708
8991 6578 8991 6578
8999 5095 8999 5095
9000 5176 9000 5176
9002 25 9002 25
9003 2946 9003 2946
9003 8294 9003 8294
9005 8271 9005 8271
9007 1396 9007 1396
9008 4138 9008 4138
9008 5200 9008 5200
9011 2088 9011 2088
9017 9240 9017 9240
9018 4965 9018 4965
9019 2765 9019 2765
9024 5890 9024 5890
9024 9983 9024 9983
9025 8705 9025 8705
9025 9181 9025 9181
9027 1395 9027 1395
9028 8532 9028 8532
9030 8940 9030 8940
9031 9806 9031 9806
9032 4890 9032 4890
9034 2373 9034 2373
9034 3983 9034 3983
9034 9995 9034 9995
9037 8716 9037 8716
9041 891 9041 891
9043 5804 9043 5804
9044 2782 9044 2782
9049 1859 9049 1859
9053 5185 9053 5185
9055 7216 9055 7216
9060 2374 9060 2374
9063 9172 9063 9172
9064 8119 9064 8119
9065 9748 9065 9748
9067 7333 9067 7333
9069 327 9069 327
9070 7529 9070 7529
9073 1927 9073 1927
9073 3438 9073 3438
9073 5809 9073 5809
9075 1382 9075 1382
9086 1205 9086 1205
9088 567 9088 567
9088 5020 9088 5020
9089 4859 9089 4859
9091 3189 9091 3189
9092 2559 9092 2559
9093 8581 9093 8581
9096 9185 9096 9185
9097 4522 9097 4522
9101 49 9101 49
9103 6247 9103 6247
9103 9625 9103 9625
9105 326 9105 326
9106 2194 9106 2194
9106 4130 9106 4130
9111 1913 9111 1913
9111 7307 9111 7307
9112 6234 9112 6234
9112 9302 9112 9302
9112 9931 9112 9931
9113 1060 9113 1060
9121 1635 9121 1635
9121 4194 9121 4194
9121 9604 9121 9604
9122 8334 9122 8334
9127 4250 9127 4250
9127 4459 9127 4459
9130 737 9130 737
9131 6592 9131 6592
9134 8600 9134 8600
9137 2172 9137 2172
9138 740 9138 740
9140 1008 9140 1008
9140 3959 9140 3959
9140 7922 9140 7922
9141 487 9141 487
9142 9380 9142 9380
9148 916 9148 916
9150 1891 9150 1891
9151 1689 9151 1689
9151 5547 9151 5547
9155 688 9155 688
9155 7624 9155 7624
9155 9724 9155 9724
9157 1656 9157 1656
9158 3225 9158 3225
9162 4226 9162 4226
9165 2077 9165 2077
9167 5827 9167 5827
9168 2427 9168 2427
9171 875 9171 875
9172 3986 9172 3986
9172 5792 9172 5792
9174 2138 9174 2138
9175 2691 9175 2691
9176 9377 9176 9377
9178 8308 9178 8308
9183 3270 9183 3270
9183 6921 9183 6921
9184 5140 9184 5140
9187 3171 9187 3171
9188 7727 9188 7727
9190 651 9190 651
9190 3761 9190 3761
9191 1978 9191 1978
9192 6786 9192 6786
9195 6816 9195 6816
9197 9267 9197 9267
9198 6640 9198 6640
9199 6393 9199 6393
9202 5989 9202 5989
9206 2508 9206 2508
9206 5605 9206 5605
9207 2521 9207 2521
9210 2773 9210 2773
9211 1145 9211 1145
9211 8638 9211 8638
9214 6495 9214 6495
9214 8594 9214 8594
9217 6776 9217 6776
9221 6764 9221 6764
9221 8003 9221 8003
9225 9853 9225 9853
9226 6689 9226 6689
9227 7744 9227 7744
9230 8735 9230 8735
9231 4554 9231 4554
9239 7411 9239 7411
9242 4600 9242 4600
9244 623 9244 623
9246 3966 9246 3966
9254 4440 9254 4440
9254 7238 9254 7238
9254 7903 9254 7903
9260 9964 9260 9964
9262 5636 9262 5636
9265 6413 9265 6413
9268 717 9268 717
9270 3756 9270 3756
9274 6343 9274 6343
9275 3564 9275 3564
9276 3078 9276 3078
9277 3863 9277 3863
9277 8729 9277 8729
9279 7525 9279 7525
9279 9616 9279 9616
9284 608 9284 608
9303 5980 9303 5980
9303 8348 9303 8348
9304 1986 9304 1986
9304 9629 9304 9629
9305 941 9305 941
9305 3451 9305 3451
9305 7334 9305 7334
9306 1476 9306 1476
9306 3991 9306 3991
9308 4773 9308 4773
9312 1139 9312 1139
9312 1403 9312 1403
9313 1408 9313 1408
9313 6018 9313 6018
9316 3038 9316 3038
9318 6939 9318 6939
9318 7966 9318 7966
9320 3144 9320 3144
9321 829 9321 829
9322 1886 9322 1886
9324 2225 9324 2225
9327 5237 9327 5237
9331 43 9331 43
9331 8966 9331 8966
9337 2141 9337 2141
9337 8449 9337 8449
9340 1550 9340 1550
9344 4822 9344 4822
9347 7079 9347 7079
9348 5924 9348 5924
9349 6492 9349 6492
9349 7618 9349 7618
9351 4956 9351 4956
9352 2249 9352 2249
9352 3097 9352 3097
9352 3595 9352 3595
9353 9099 9353 9099
9354 3656 9354 3656
9357 3565 9357 3565
9359 191 9359 191
9361 7517 9361 7517
9363 8183 9363 8183
9365 8606 9365 8606
9370 7552 9370 7552
9370 9576 9370 9576
9373 6681 9373 6681
9373 9699 9373 9699
9377 5839 9377 5839
9378 5026 9378 5026
9379 4007 9379 4007
9381 4279 9381 4279
9381 6154 9381 6154
9390 7743 9390 7743
9390 9184 9390 9184
9391 1066 9391 1066
9392 622 9392 622
9392 4206 9392 4206
9392 5853 9392 5853
9394 8521 9394 8521
9396 1840 9396 1840
9397 6193 9397 6193
9401 5318 9401 5318
9402 7939 9402 7939
9403 4257 9403 4257
9403 7790 9403 7790
9403 9800 9403 9800
9405 3627 9405 3627
9408 4853 9408 4853
9408 5373 9408 5373
9413 1889 9413 1889
9414 6763 9414 6763
9416 1007 9416 1007
9417 3198 9417 3198
9418 8454 9418 8454
9419 5384 9419 5384
9422 4095 9422 4095
9423 5331 9423 5331
9425 6981 9425 6981
9426 2824 9426 2824
9426 4150 9426 4150
9426 5681 9426 5681
9427 4337 9427 4337
9428 5139 9428 5139
9429 17 9429 17
9429 1872 9429 1872
9430 911 9430 911
9433 2195 9433 2195
9433 5553 9433 5553
9433 9236 9433 9236
9437 8834 9437 8834
9439 2709 9439 2709
9440 9978 9440 9978
9444 2721 9444 2721
9447 1121 9447 1121
9450 4515 9450 4515
9451 8973 9451 8973
9454 2737 9454 2737
9455 3612 9455 3612
9457 7308 9457 7308
9457 7852 9457 7852
9459 5363 9459 5363
9459 8198 9459 8198
9463 9130 9463 9130
9470 7899 9470 7899
9473 3448 9473 3448
9478 8607 9478 8607
9478 8791 9478 8791
9484 7191 9484 7191
9485 2958 9485 2958
9485 6585 9485 6585
9489 3355 9489 3355
9492 7980 9492 7980
9492 8929 9492 8929
9494 2455 9494 2455
9494 8185 9494 8185
9497 9838 9497 9838
9499 9013 9499 9013
9500 7526 9500 7526
9501 5066 9501 5066
9507 8669 9507 8669
9508 286 9508 286
9509 4346 9509 4346
9511 8155 9511 8155
9511 8352 9511 8352
9513 1031 9513 1031
9516 1298 9516 1298
9519 5772 9519 5772
9522 6118 9522 6118
9522 7783 9522 7783
9523 3204 9523 3204
9524 567 9524 567
9524 6713 9524 6713
9526 4850 9526 4850
9530 3027 9530 3027
9532 1501 9532 1501
9532 7446 9532 7446
9539 280 9539 280
9539 945 9539 945
9541 6964 9541 6964
9542 8359 9542 8359
9548 8926 9548 8926
9551 6858 9551 6858
9556 3574 9556 3574
9560 3599 9560 3599
9560 5517 9560 5517
9563 3339 9563 3339
9564 7299 9564 7299
9567 5112 9567 5112
9568 8514 9568 8514
9570 6930 9570 6930
9573 664 9573 664
9573 1804 9573 1804
9576 575 9576 575
9577 6924 9577 6924
9578 9426 9578 9426
9582 8854 9582 8854
9583 5088 9583 5088
9588 2575 9588 2575
9588 4464 9588 4464
9591 5874 9591 5874
9593 8464 9593 8464
9594 5370 9594 5370
9598 9383 9598 9383
9600 6646 9600 6646
9603 5884 9603 5884
9608 126 9608 126
9608 2922 9608 2922
9610 2937 9610 2937
9612 6003 9612 6003
9615 1379 9615 1379
9615 3179 9615 3179
9616 3313 9616 3313
9616 7738 9616 7738
9617 2415 9617 2415
9618 5052 9618 5052
9621 7019 9621 7019
9625 6916 9625 6916
9628 8747 9628 8747
9632 2310 9632 2310
9632 2942 9632 2942
9636 2846 9636 2846
9638 296 9638 296
9638 8898 9638 8898
9641 4532 9641 4532
9643 5147 9643 5147
9649 8546 9649 8546
9650 3444 9650 3444
9652 4457 9652 4457
9652 7712 9652 7712
9653 5970 9653 5970
9659 4223 9659 4223
9660 7259 9660 7259
9661 5340 9661 5340
9661 5811 9661 5811
9664 9227 9664 9227
9665 9375 9665 9375
9666 2278 9666 2278
9670 1162 9670 1162
9680 7623 9680 7623
9682 2688 9682 2688
9682 6850 9682 6850
9684 5803 9684 5803
9687 9476 9687 9476
9691 7616 9691 7616
9693 9791 9693 9791
9694 4440 9694 4440
9696 1743 9696 1743
9697 5936 9697 5936
9698 8881 9698 8881
9698 9142 9698 9142
9701 3214 9701 3214
9701 7784 9701 7784
9702 3861 9702 3861
9703 6492 9703 6492
9704 9047 9704 9047
9705 516 9705 516
9705 4411 9705 4411
9705 9291 9705 9291
9706 5166 9706 5166
9708 6134 9708 6134
9711 5061 9711 5061
9714 7414 9714 7414
9715 2483 9715 2483
9716 4291 9716 4291
9717 6509 9717 6509
9717 7564 9717 7564
9718 6996 9718 6996
9727 2869 9727 2869
9729 2053 9729 2053
9732 8467 9732 8467
9733 6926 9733 6926
9734 7112 9734 7112
9734 7794 9734 7794
9735 8293 9735 8293
9738 1783 9738 1783
9739 4490 9739 4490
9740 260 9740 260
9743 5930 9743 5930
9751 6946 9751 6946
9752 5389 9752 5389
9753 5294 9753 5294
9754 3480 9754 3480
9755 8353 9755 8353
9756 7150 9756 7150
9757 2362 9757 2362
9757 8621 9757 8621
9758 2294 9758 2294
9761 9902 9761 9902
9763 2122 9763 2122
9763 9953 9763 9953
9764 7350 9764 7350
9765 1925 9765 1925
9770 9360 9770 9360
9771 4282 9771 4282
9771 5396 9771 5396
9772 6341 9772 6341
9776 6637 9776 6637
9777 8835 9777 8835
9777 9500 9777 9500
9779 301 9779 301
9780 470 9780 470
9780 4775 9780 4775
9785 7306 9785 7306
9786 2084 9786 2084
9788 843 9788 843
9791 1566 9791 1566
9796 4678 9796 4678
9797 8004 9797 8004
9799 6461 9799 6461
9800 6353 9800 6353
9801 6784 9801 6784
9804 3192 9804 3192
9807 1995 9807 1995
9808 6651 9808 6651
9810 1961 9810 1961
9811 7976 9811 7976
9816 9203 9816 9203
9818 8942 9818 8942
9823 622 9823 622
9823 4598 9823 4598
9824 2883 9824 2883
9829 3362 9829 3362
9830 742 9830 742
9832 2982 9832 2982
9832 9511 9832 9511
9834 5663 9834 5663
9834 9838 9834 9838
9841 4759 9841 4759
9842 9783 9842 9783
9849 1494 9849 1494
9849 6752 9849 6752
9850 4536 9850 4536
9857 9857 9857 9857
9861 3523 9861 3523
9863 2509 9863 2509
9869 6891 9869 6891
9872 3095 9872 3095
9876 2967 9876 2967
9876 4475 9876 4475
9878 7286 9878 7286
9884 8056 9884 8056
9888 7827 9888 7827
9893 1474 9893 1474
9893 7176 9893 7176
9893 8587 9893 8587
9898 2419 9898 2419
9907 7259 9907 7259
9908 8262 9908 8262
9916 2271 9916 2271
9916 4321 9916 4321
9918 9977 9918 9977
9923 4506 9923 4506
9926 5535 9926 5535
9928 2858 9928 2858
9932 2571 9932 2571
9934 73 9934 73
9934 6994 9934 6994
9936 7932 9936 7932
9937 8077 9937 8077
9938 7968 9938 7968
9940 3430 9940 3430
9942 8832 9942 8832
9943 7200 9943 7200
9944 3059 9944 3059
9944 6269 9944 6269
9945 5631 9945 5631
9945 5824 9945 5824
9945 7453 9945 7453
9946 8716 9946 8716
9950 7546 9950 7546
9950 8447 9950 8447
9952 3517 9952 3517
9957 4561 9957 4561
9960 6470 9960 6470
9961 4451 9961 4451
9962 3094 9962 3094
9962 4256 9962 4256
9965 7062 9965 7062
9966 1125 9966 1125
9968 2025 9968 2025
9972 4176 9972 4176
9972 9481 9972 9481
9973 7325 9973 7325
9974 6251 9974 6251
9978 3888 9978 3888
9980 6596 9980 6596
9986 3892 9986 3892
9989 9475 9989 9475
9992 5670 9992 5670
9993 2182 9993 2182
9993 6770 9993 6770
9994 7301 9994 7301
9996 4386 9996 4386
9998 5724 9998 5724
